-0.06262273954892493
0.10217205284329761
0.502491661397223
0.5264988148399298
0.31318207186982777
0.4330272615513286
0.4603222763150548
0.4015475513538234
0.49157247776908525
0.3469973481246615
0.43882104683748624
0.6356495720015214
0.4199927691875299
0.45098189791554777
0.5729169512201949
0.36216908575954
0.48533128694686295
0.5005384054212213
0.32462209659207264
0.2901657017085943
0.49633054229803963
0.5610550177518542
0.4139178328228493
0.5155116261412779
0.4030509546220838
0.4501763403451232
0.4228456064887762
0.4087978813900823
0.3811189980038898
0.3618771169874342
0.5407677702464813
0.5177153450438587
0.47907004992469726
0.426234501655602
0.45889047621104456
0.48555420596367965
0.4589869712148566
0.42984369420969637
0.5129762548471114
0.36838150382506973
0.5262728356468764
0.5545764239722581
0.3539179189758098
0.39228674029324995
0.47358114851158484
0.39640901600275474
0.366771633338298
0.5106413225385316
0.3819004981493071
0.28393882883768334
0.5502354980095787
0.5107572554166638
0.4390963034785339
0.400183606189471
0.5787222617835762
0.379397870147479
0.49879496044285737
0.46843560128998574
0.4361972316583102
0.38721974553897187
0.538276586109546
0.3504025227567886
0.43625038628417223
0.48366869148143243
0.5181828791914743
0.5800604972246346
0.35908951822707236
0.5423594521456148
0.527094219892216
0.38426327985275616
0.37208290663507654
0.5443281656183983
0.5143842244545613
0.4371076541912093
0.49757255103876913
0.5445330290458597
0.6204487119407646
0.4029143294260805
0.48422458462640905
0.42732199752481875
0.39892048711257616
0.3597627370434823
0.5053985123937085
0.4840951780799834
0.313434484601232
0.4611339768363818
0.5819307041776991
0.5095992738573947
0.4816207261531097
0.519282898470233
0.5452830879464051
0.50757560736102
0.5317838929055615
0.43424534405457443
0.49835352830550933
0.43845523263954644
0.5189025814845696
0.46100730407371215
0.4034364600118379
0.4152603300863017
0.45979315555605627
