0.7565702501637033
1.4724380450673338
0.5263928880327957
0.8486195972200867
-0.7354157529442615
0.11938627003053863
0.07315645868992675
1.1009748279723763
0.07026493251658263
-0.9152951177908669
-0.14446127235001868
0.373073276172766
0.8618610803811788
0.36215950104746725
0.25585861865475246
-0.6545911532529464
0.15934390482410338
1.5330524009246338
0.43999587604585616
-0.1251155562201775
-0.7916538276172341
0.22696867935654474
1.0438556593762305
-0.4281430701781712
-0.6997477689246185
-0.7673082244026546
0.25118997993738734
0.9133811025969991
1.0784141172178856
0.3493945181055909
0.5841465415288568
0.09177437018551843
-0.23111643454973946
0.03785982575630729
0.4688194752783978
-0.7292960539292952
0.5186824393782162
0.15517002833237015
0.5532005399252131
0.26276938121544224
-0.8054839520703589
0.44358986286593927
0.6191442237823542
0.5897793967188524
0.7205863941066817
0.18997717149148075
0.655796321221924
-0.2831106636165121
0.8501641727317646
-1.0609207133916116
-0.031260640721676954
0.2936792541839484
0.2981338904591461
-0.6859610576465087
-0.7316081886086655
-0.37607015589897985
-0.08666132363070375
1.0745342485665004
0.3663329505952899
-0.34338643458924983
0.8624300468608316
-0.016008084978148887
0.00808987966544815
-1.0008012629182685
0.7251968896227592
-1.0712656534272775
0.7384286169929162
-0.299139643312889
-0.5772819637445558
-0.5718342123912088
-0.527886060004309
0.3893395817562121
-0.6743316829455722
-0.36043852763121353
0.3868848200809371
-0.7988913790036619
-0.32008321563702363
0.9846909763391306
0.08766012797547582
0.047995998450798966
0.5731498537496155
0.2926490458469303
-0.9943164516217337
0.7122926473546534
0.5756431942932179
-0.3083183180086785
-0.4300638743778374
-0.16821003706986618
-1.3777040212015514
-0.5394037517209661
0.21423097540869535
-0.5592527700655621
-0.10128923950393559
0.3268039038986237
-1.3438263498612435
0.2925405863184747
-0.16600672383289358
0.2523741326097667
-0.47369997077053033
-0.2033406078230949
-0.6733951157049842
0.8152809224854011
-1.3919569028605094
0.9024963683713221
-0.8549013766218629
-2.1313195506605576
-1.4427588175472321
0.533759936260512
-0.8422637518835145
1.1158672467830157
0.3668708524832377
0.23496166515610126
-0.46127794219077717
-0.7943595628011518
-0.28350852578400576
0.343761633208006
0.14506302387392075
0.19961973927103926
-0.21494454323027043
0.9549831857446447
0.46255923062330495
-1.1515943013762204
-0.5065175918669121
-0.41220750416879004
-0.2935222047463535
2.0515656730996876
-0.5737225203213663
-0.09325179800325922
1.0194110892301174
-0.6202035306512614
-0.20311243553314118
-0.7594323609092908
-0.8486329274587255
0.10392740795289118
0.45679922433178555
0.16537051921203227
0.0628465838677292
-0.7985443028528649
-0.40450815719983474
0.2247984231320052
0.006844744333283692
-0.4081855652018077
-0.3925803602192365
-0.9164964733329515
-0.4148703935540128
-0.40742406887318605
0.038084519777226815
-0.34185593033704353
0.3053369053027261
-0.11517217717182443
1.1848291862531453
0.12525107033601784
-0.41692362100993197
-0.1811493616026189
-0.14577021166581505
0.8537877835940421
-0.27874514727541877
0.3530668937058254
0.9213678854182591
0.056496682390549675
1.7781915180248093
0.8318018248463356
-0.43358255022979186
-0.4556453991691781
-0.9869017990364
0.6868853780693241
-0.90945068670774
-0.4477914332440419
-0.06788677773284049
-0.17379510723027974
-0.36764987519112
-1.0303291559576981
0.8727597190633808
-0.4987668131723812
0.007800231934823206
0.5830726394275598
-0.31968262300006156
1.347311209917331
0.10401671292156851
0.06121966244749892
-0.2887465710957465
-0.06802108180841451
-0.13370959011429645
-0.3857449047958756
-1.3597909352927686
-0.786344964835483
-0.20976121679464194
-0.05237334170656997
0.838589344700502
0.48681952589348876
-0.28688944268793454
0.7149391565432353
-0.13344718063420674
1.0333881628526076
0.18639779948406368
-0.37663892348690703
0.028836877175288808
1.0005077269225036
-0.09423956534921815
0.5344295144709215
0.7475651670221757
1.1379379305423813
-0.5239793608669427
-0.334623568323185
1.0622484152468568
0.37258211710152567
0.5941357085815762
0.9290697175078162
0.0068593075073178356
-0.7887782650648816
-0.9053836015314206
0.9424604898510103
0.036720401835763
-0.06411565247693385
-0.6904862966985106
0.1420962677522412
0.3997947916290735
0.9589223309409869
0.32378464859799233
0.7497583679616895
-0.3188876559087744
-0.04705497647580594
-0.07426152915108136
-0.4491943683088523
-0.41124486300419283
-0.3439100360507036
-0.22451741255579516
-0.8325734983676938
-0.5423701562176434
0.076832955338159
-0.4955141959643284
-0.006671395197760346
0.6749701389348188
0.27275569601763655
-0.5726212033567198
-0.17834122660145438
-0.532277649354749
-0.2581622273744393
0.7891669727073952
-0.30863589889582305
0.747183626000214
0.013669101379727225
-0.6448183169296856
-0.33159948645487464
1.3720328784173714
0.12333292352580962
-0.6426906241517606
-0.44631268002271673
-0.3180862264563551
-0.9500837702362532
0.08682144316646184
0.6086071420034125
-0.39265732677586296
-0.9226590839876954
-0.0801627339343602
1.0213017258980077
0.05905981932268781
0.26822101485416006
-0.6166328194910494
0.07789014393784793
-0.970374392250889
0.019279219055109157
0.392246023600793
0.19337866530607759
-0.06960400908407573
-0.7451181859937509
-0.4421794315183312
-0.4991237198507339
0.27943053002248064
-0.44436143728581917
-0.19473467801136338
-0.16265907692928916
0.7715674883187139
-1.4223665823845315
0.20790277225778503
-0.1844965426704872
-0.36108341545101913
-0.19865979117873284
-0.45549973947630046
-0.19458853743628227
1.0923337212858248
0.33556431463840364
-0.0690461451144097
0.6269311016801515
-0.25615842221912577
0.3562172507348648
0.38375406068352785
0.20316394891443013
0.11124907480206678
1.6040191297494693
0.021625838155918932
0.16784689106684195
1.517197151902731
-0.43628555726258267
0.9746169277627539
-0.16886854258935297
-0.49593833063110593
0.5807744937409953
0.7490401247970586
0.31526546167963443
0.1919198399789493
-0.5309636849261803
-0.5360707065387379
-1.1918078215746954
0.6518022068055579
-0.48548464153762666
-0.12405347674324887
1.9438187250767802
-0.6063704870860167
-1.6014125088271067
-1.3481974338156053
-0.32798021578632
0.8115061487098478
-0.3543010893076286
0.15332449687935015
0.20597713571523607
1.5907674734437807
0.8269878013868075
-0.30498997096966085
-2.2288655004351274
1.5721161616559973
1.4545178792760474
0.6474565890037963
0.41905198706978525
-0.5657635242717196
-0.4985252912429842
-0.582084541547084
0.5466425807293203
-0.3750498759705614
-0.6948527197671835
0.12519739433107058
-1.3326156901351978
0.56835106372411
-0.9299592776980281
0.9248655334414577
1.0241958515099507
1.3676988506331744
0.4579686522458296
0.8201447891233874
-0.024023602677668315
0.4847166022368049
0.7115373021332614
-0.8572933912747778
0.5272713232622088
0.5004679820667702
-0.8239369087289022
0.406620196531925
-0.675786469743681
-0.03184159863449011
0.02662495342843067
0.2743296195094247
0.4213338839507753
1.0213266666082192
0.2816097913347963
-0.722104124261332
-0.2152453164319703
0.6167409961746552
0.5151600493904427
-1.1037392026589272
0.5119894808365536
0.9401040801454095
-0.08322544467102405
-1.818257072773479
0.6409958943286526
0.5580270694304957
0.2442477157447881
0.8970805983196195
0.0527506083078103
-1.0535503852055847
-0.1899486618666556
-0.8290733474416118
1.485732967257673
-0.1358741430489927
-0.6701332049930261
-0.2762661248473996
-0.41391640477072633
-1.1861026023125736
-0.74349789997079
-0.18744008618715596
0.4819214739389618
-1.276761503144494
0.7748023441182992
1.0962549932352732
0.1283596000103051
0.12589644151703916
-1.1929684296907936
0.8551118386006507
0.7653523367380961
0.10406528133855168
-0.24609736233659227
1.1279484915807316
-0.7713884954595455
0.26830881837910087
0.8436962363521486
0.6090204456623101
0.062268332966923835
-0.36167564845777433
0.10013537025056465
-1.0862589083101357
0.24562521888947633
1.246278726183514
-0.2719888152232131
-0.2807950316572343
-0.588131395668443
-0.3055160927142843
-0.1264669786204722
-0.17284312513755612
0.37195718647502996
-0.5949517138300312
-1.0817372319581655
-0.18450697563475135
-0.10692889093424889
0.1623147538923448
-0.11079779521945851
-0.23872354030886023
-0.6565207290767743
-0.61501923940499
-0.0552948241684202
0.20606003222826952
0.5366092977314141
0.9990152534574991
-0.4906515179976919
-1.0268809818682945
-0.4955044069854432
0.37087238650381554
-1.0355001593129116
-0.9381027314760834
-0.11717653956071455
-0.4371522586201586
1.2605477063137371
-0.6004571009496871
-0.05466220859977895
1.214968627069196
0.7492639077542927
-0.41128327619425836
-0.03318453909542526
-0.5729361757094898
0.4873845015201838
-0.9087903036837982
-0.7907043957492479
0.08957845836308397
-0.4442860265850439
-0.5357117532661345
-0.7754956870157693
0.004572963096533128
0.4122805380096497
1.4191615876830466
-0.7182438234013414
-0.46577986120622683
-0.6386470496433366
1.2229757535764552
1.080454261806426
0.5330537849712498
-0.28764850735779995
-0.33633052972389693
0.17044339647322598
-0.15647785927538063
0.005007824640451377
-0.32679880071393996
-0.9956261030105106
-0.07315795979455056
-0.6803754886284314
0.4873373315171311
0.8251370712221208
0.6432878277299481
-0.13110563093132513
-0.3949509364289347
0.9219458135720227
-0.04103592657525012
1.0298437303452697
-0.3962365163123047
0.6181614161570388
-0.11372909341276119
1.2487649697114982
1.761250096774333
-0.16345658043834793
0.7349097223399723
1.0452943089281024
-0.12346425399488603
-0.3449112519611532
-0.0385734585978731
0.2928062929284487
-0.6583229624394713
0.2809404414888754
0.24901432409394403
-0.14466609122850782
-1.6593803689208697
0.7351086151812499
0.9715419618187892
-0.7728222404373478
-0.018694441486099875
0.5154890010182107
-0.1433545746370598
0.7647125970074521
-0.06752825313135166
-1.544769949722193
0.8196682286892281
0.3380467299636243
0.1170698130604125
-1.051147276756333
-0.12180658024697288
-0.07493081975458282
-0.7409015509712141
0.2623577914350293
0.5125774555722931
0.35983834325272357
-0.09145247316211785
-0.06309346885481086
0.5212602091096933
-0.291266719354911
-0.5273072875674951
0.0250473511930501
-0.14920528911763153
-0.8373800883735758
-0.4958697585881189
-0.389925812257299
-0.5221258241263995
0.2521593565336275
-0.9247696452442571
0.2798470875375365
1.3625910562493564
-0.4858589557036571
-0.010704489940485645
0.79984911874788
-0.5317582955225291
0.02844503766678077
0.399710140851506
-0.04825449194908984
-0.7122287035023065
0.6813652292343707
-0.6631591443474806
-0.09687090098255716
0.3759676651683074
-0.0497857462939334
-0.2633214540813786
-0.4348335867114289
0.0849101380840586
1.0040514136956629
0.7624728502754542
0.08347471463822839
-0.6771787040047793
0.30598659862793925
-0.7155347800628896
0.3681847742050369
-0.4991004455722963
-0.7597309243896171
-0.4152175431735272
-0.5834788245217108
-0.5045080025109858
-0.35315517539071883
0.17358583828137508
0.8313144455357322
-0.793885667960765
-0.8862833875930587
0.7169104749948159
-0.647326896972551
0.8025907481030435
-0.20851147615679894
-0.4682480100119589
0.07269133280864036
-0.41295042767671813
-0.6439974219182119
1.874911755426178
-0.4412884478510888
0.07007837117056781
-1.2072719372441796
0.05614000519529049
-0.8698804079091912
-0.5504206565151774
-0.9043332159211663
0.13618756185673367
-0.428524337082778
-0.2905990860359672
0.5193411289975199
-0.026342523705935143
-0.5772989138962454
0.15480673708423326
0.5408182733130346
0.5014637992678193
0.7889569763349331
1.449043225183532
-0.5915205862074933
0.9441182609734295
0.42142757408495174
0.22459440138567666
0.5682552277703355
-0.4849836472856085
-0.48341981376303944
-0.42576859993699817
-0.102998074587366
0.1377201498625948
-0.1548364309662876
-0.9873449467314466
-0.25880167430585277
0.7258828039412449
-0.6083548602188011
-0.29681043709851107
-0.32042527300942203
0.6980693983488077
0.14971651024153845
-0.5312320016857394
0.8118159254993518
-0.6418161725426977
-0.42361413425506805
-0.11001726136284966
0.3855254490294429
0.2758738763519377
0.25446326456348695
0.47132601126565965
-0.4701161176587714
-0.3530203927702261
0.9309782090296661
-0.06047824701648764
1.0196584633763623
-0.5234834717646184
-0.20675481656650774
1.5398854936791808
1.732861088496461
-0.5321899848767004
-0.13401423481768296
-0.056172663674930956
0.7549026806877996
-0.31897428453433274
-0.5194989305676132
-1.2095091739803798
0.25069190884060466
0.7868201572623937
0.9920652767005592
-0.7417368113923383
-0.6652144436652789
0.5420756951380175
0.6223260829690723
-0.9190330599197343
0.5187068391375803
-0.5188769645793339
-1.1136183530109018
0.19287805452976223
0.7781370670948816
0.2433692891210524
0.049832353263786315
-0.7128628528280124
-0.3381942828468473
-0.9574344706220331
-0.82378589280004
-0.8933068811933269
-0.09919045876310276
0.7089038819529121
-0.08819323617348848
0.5291865544856432
0.2045309741106871
0.25819367811277644
1.3313657336493496
-0.8300448955493238
-0.14266001311217402
-0.5272352455565027
0.2777419234572489
-0.5085778805672823
0.02171083274502389
0.703412137932373
-0.01900592466026302
-0.445477339915731
0.21114776763713927
0.3946133017142057
0.21678257007937196
0.7604411989474953
0.31520526636662766
-0.022660169223539216
0.47859341585551457
-0.6885389730525086
-0.8536721502489275
0.1476300674692906
-0.9068511766556682
-0.01365475623750717
0.04802693790159564
0.847550341342054
0.4546802041896045
1.9908327885143424
-0.43847185180712267
0.019777225089227135
-1.2906155439280609
0.6245046871106822
1.600738548067017
0.9424264078371589
0.42537507395661106
-0.12743877342082094
-0.3351690122037992
-0.32517263537843716
-0.08957751341993585
0.031379066975876044
-0.5125844521192068
0.43188401162741996
-1.1635673480872815
-0.5248876902417712
0.6581279932109589
-0.6309253174189046
-0.0573743073680508
-0.7901046278333468
0.16579479396842906
0.8128757465689281
-1.3831367990102341
0.9045537836109789
-0.39669766932450695
0.9523689634787407
-1.0727159325599278
-0.4328805986777276
-0.7657493884708286
-0.11761374064285696
-0.6939958881022927
-0.13372944474359216
1.2632139066666546
-1.0691451200578401
0.009443086263133199
-0.4021491780799325
-1.5026644728298195
-0.28684343709733673
0.9989643699551328
0.10640481083292296
-0.05018014153603674
-0.25779651689205596
-0.3521977610464507
-0.6193245719408003
0.8101849799352521
-0.8983249715321346
-0.8406344238966585
-0.7660452254901394
-0.584059775570289
0.6817491356215338
0.01795831994115002
0.7292848126602152
0.0569739264817286
0.8327453811269269
0.3523436723514754
0.29193337844250744
-0.071787997244962
-1.7923299260593462
0.30166981049009844
-0.19094290227313887
-0.055687355752869414
-1.581739149391828
0.38899601259368394
0.12727779004713083
0.5397293152811353
0.46115602666860656
-0.5836293720283758
-0.43557534427288686
-0.5807792259348059
0.48051966322229445
-0.7341002476815354
0.6580419950383547
-0.37535398837839923
0.413500970881866
-0.03951321382880259
0.11659355913472894
0.8738024195914249
-0.318688258921538
1.4575664757422555
-0.2331635178026653
-0.8365500071312849
0.5302642078906321
-0.48525298660404004
0.6702708423757399
1.2460105951548013
0.32445989032111777
-0.6108538059613481
1.5470312159716084
-0.33304307602726246
0.0304799572428767
-0.930551291053246
-0.06136213202110171
0.41277070441783953
0.013962405750573717
-0.015824707413736122
1.2345177149833273
-0.23895948444495893
0.7243623112391964
0.7985120314573801
-0.586569054998451
0.4296383419344659
0.14767034190498182
-0.043417664215952126
1.5023238059241846
0.5240449924423818
0.48087011445746614
-0.9653643965598442
-0.7589281931201984
-0.3337505227009081
-0.18185404760551793
1.1759127916006495
0.25731094676310295
-0.25777432656305665
-0.5546978265062767
-0.19170777221934998
0.2062196195354538
-0.25457070739770615
-0.20779190657391544
-0.4875268207395894
-0.33797123811478674
-0.6808367182352553
0.01877248088723167
0.3924736241793862
-1.5263940388780146
-0.6904358306154508
-1.0262549526929545
0.9440123879867419
-0.8499238379329135
0.26302455694924864
-0.5739684368152358
-0.3862469061344335
0.4160974545738151
0.6088731278616294
0.38696886643430234
-1.0611831419086448
0.06427999888823861
1.5059674001029772
0.1932399045842621
0.46945992726095115
0.38197620032181123
-0.47622018437111285
-0.3107035705705553
0.3584612103549398
-1.5112088970984519
0.6446091890884986
0.5147073953841457
0.2814961185018106
0.10616534705080129
-0.07806463742328135
-0.03293398723288417
-0.02839405049483662
0.377293130306278
-0.6670873824013619
-0.3281057911872392
0.3159301981899331
-0.0065398747119857215
0.6653500244692752
-0.6454403889725753
-0.28682352905935693
-0.3379717748690467
0.8218268800663395
-1.0509560616115508
-0.14370326060514874
-1.1956296986421966
1.0394745274253672
-0.1538312973109728
0.5856578831764332
0.5703767739563115
-0.9547173982400037
-1.069659491008755
-0.12975726216151023
0.19473348951721092
-0.7631137769206405
0.15876997735124984
-0.07763699332056034
0.9455354960031191
-0.17663638950411434
0.19020053205333684
0.5246825338486905
-0.3148907614064474
0.5292070035360117
0.792897285032613
0.649656273018743
0.2989823031574384
0.6658856388182705
-1.6141196284783166
-0.11741642394914234
0.1048015136987621
0.45279266891438263
0.18074530376360706
-0.23525333744066718
0.30413595222026646
0.7759113927292225
1.7219819352511232
-0.6047251867612264
-0.42334747565420827
-0.5212896653211805
-0.3437609405393336
-0.6714289877741891
-0.6866429189447026
-0.5185096401872271
1.1145677383457224
0.17618283904063456
-0.18964618682978188
-0.10052847712784692
0.3259153316880129
0.1588980397078915
0.279733986635059
0.02315800494121635
0.3204912729405803
-0.06062193053490064
0.4961586528714353
0.2686613567952114
0.014436554473705579
0.5410966340577203
-0.353967404609315
-0.4311990860780786
-0.25845383379025916
0.3252937740287801
-0.09313589129404827
-0.8546081336925868
0.14276334910385424
1.0290127509929443
-0.055696106203449204
-0.6755056462539446
0.578386755127015
0.7660532546653402
-0.019363065425514837
-0.9601683961810317
-0.42568696794911054
0.2881898249616949
-0.6912283355109802
0.33347122498098936
-0.5902757608656228
-0.6259862317119312
-0.5052243118110799
0.450219896907682
0.36200305000236543
-0.24893453860871795
0.9478157624628697
-0.0702030543749469
0.21988877633972562
0.6654734727624143
0.20948680437994013
-0.8906275795772591
-0.020543500313482024
-0.27259411148845863
-0.3697014107829394
-0.33370350009659233
0.18183869821137172
0.1077139110303033
-0.24826809114434992
1.504195606182792
-0.8192149966796287
0.4516205467399149
0.3368104671939917
-0.5892635710831973
1.2728509634281415
-0.25392733645037663
0.3151451967205353
-0.9492418031434247
0.3421585955034098
-0.9184123208416566
-0.4566618459244715
-0.5079129586321728
0.49634067341149624
-0.6123892132529734
-1.2019814754967693
-0.09017927883500454
0.7202030822172732
0.21800619744204844
0.26801012053763373
-0.19120132964530706
-0.2935565159036756
0.30780650123351316
-0.19053959365587403
0.04340253487156605
0.7149916442392444
-0.687238333885357
-0.668377746532041
-0.565741703735989
0.3180794069326784
-0.8921044150311414
0.18546412433106982
-0.6369251033354322
1.1508100387361107
0.8764662173134409
-0.473268974404469
-0.2664340465283314
0.12952698472480517
0.18905330324805353
-0.19127413023681283
0.26356401765825144
-0.0872998054353194
0.303712906283791
-0.13840353456156174
-0.09254453196600412
0.011087192638818966
1.5377013047626755
0.9217337975028832
0.2441428833276909
-1.2061196830911511
0.2051309218582864
-0.8578950991856371
1.3968861987927896
-0.5406211280879185
0.710329987725243
-0.5930172439314917
0.7498696872933731
-0.4902828801897686
-0.2990219248420153
-0.4715143924317061
-0.6584585690669191
0.5117196770695366
1.4193338690658552
0.16019540608940291
0.8074884437865895
-0.5743568991155514
-0.4228899678112173
-0.5921653344423338
-0.4000156718970874
-0.800442977822897
-0.10482556834347685
