-7.876985869011204E-15
0.06108440412750673
0.07389066194178133
0.04782610075015621
-0.0020042736932943724
0.03554465052191866
0.11377625691649036
0.05589613445960292
0.030209944294697595
0.005167287240234356
0.037468018316286156
0.13211916834758639
0.03381294820309287
0.04782487270229199
0.09648870600053591
-0.006811347823712347
0.054648612857097524
0.05394344816134509
5.64418550849698E-4
0.0023770272325284443
0.04616406582359092
0.11352128366281851
0.017545969726846283
0.09931223203055506
0.047939627421143945
-0.007889887547802541
0.039015368288548104
0.03209911201023703
-0.004832030305212555
-0.026984028386835703
0.017653274492926897
0.042969232849912775
0.09086165163060653
0.018817572745274323
0.03183312060729301
0.07291703532286693
0.0839379045862601
0.06459639312408504
0.10938349950711755
-0.004960163704357672
0.09260092216332008
0.10713787877504025
0.013939008437947481
-0.022843698754482698
0.010942439670010653
0.012847842885742389
0.041137976528787513
0.08919202950145294
0.04481479672024985
0.01332038215096491
0.07835909951100432
0.08137192430820157
0.006426953061337584
-0.02838916224058064
0.10033707307005385
-0.0015492956159325086
0.09208658968626235
0.10580704748111498
0.04552966641314215
0.028676230218135097
0.08099514059001942
-0.0011076529037147378
0.020327653550201868
0.05240040055588962
0.0030872394517258645
0.13422319950216124
0.0047633890790982035
0.1188249684262344
0.06546295711931462
-0.0341684904993772
0.03606097121850584
0.06292209278410767
0.13175125419613953
0.06302723062401588
0.046837121950786126
0.10625405376217194
0.15568014174943023
0.06160495758531714
0.07262752559562813
0.024915783509327324
0.024386029906674322
-6.948486964699576E-4
0.09340391750333055
0.05386700923663585
-0.029288410540701693
0.022831642757591943
0.16060112680171382
0.0998927939980524
0.07475667800748921
0.06291284295343613
0.12682796276612635
0.10607110544517671
0.09163065484212907
0.03400507515522002
0.06245505588622411
0.026188052873573207
0.10074540359563247
0.11560610537973996
0.009297499033198367
0.03591826392948147
0.08130301778014278
