0.3471215451206535
-0.3433519364095253
0.9329922061171935
-2.1047322440898384
-0.31178775161494265
-0.2910641938015288
-0.5612146691811425
-1.6650945251365807
1.1124244448236582
-0.6170059420321373
0.7815031671952218
-2.058942338597881
-0.17866135685745727
-0.053591421912501006
0.5002700500928372
-1.1769653273615843
-0.3961958905554015
-0.8119825226571452
0.29521856988582207
1.3168231264243464
0.3462290602989414
-0.20282264472213898
0.16200480151833296
-0.5960920113708207
-2.655118689273806
-1.3739895818107808
0.611885661411053
0.2475025343199036
-0.05931110775310814
0.9764544450845873
1.7380656751311405
-1.505642474920268
-0.4920483675912779
-0.8150186930619943
0.4270860877867439
-0.8111504375836174
-0.24604099220843992
1.0129212510727945
-0.06318984254346807
-1.5284744722979726
0.5949923086735914
-0.2838112035402849
-0.023214314205376414
-0.18857287865646016
-2.132857397348791
1.042797382159481
-2.2054483282500263
1.826256248380924
0.6629902427275587
-1.8510728635373495
-1.3056773800640962
-0.2728206798948319
1.137705453248346
1.7253289358948045
1.2308073035831564
0.11816008908632429
1.2985923040654093
-0.12027099728631553
0.2808439864834226
-3.3582439473968893
2.9247273661744333
0.14633225456445134
-1.8394732738246986
0.531785842814126
1.3111044377145145
1.2540608471496686
-0.48286280221559147
-0.4175468579146588
-0.8513190967237438
1.803064997787641
-0.48479466851019604
-0.6165541075400793
0.04520227175236041
0.746066846810901
-0.06461116261347681
-0.1562230579867313
1.8875470958538252
1.1689200855757556
-2.221208483305533
-2.016336436122362
1.019841426697149
0.8051100932831164
0.45895981981510603
-0.1312964048268057
0.5984532768212776
0.04766868327207068
-1.6016677950662153
-0.6109165554089712
0.7681631425286498
-0.2697070902997882
-1.654294302966781
1.5869988187801745
1.1750436513921234
0.4397746872217341
-0.09449682025251822
-1.6179852600732245
0.9470510153403743
-1.3341534611639503
1.0446041165199607
1.3839269469192175
-1.3072134466941736
