24.572356570394213
26.43326687049192
24.029225058080108
24.86790060935711
20.871881463363444
22.996263440585814
22.885820876109218
25.405923004479888
22.82947795673367
20.38455612271579
22.293834403811676
23.63894556400931
24.859979033114637
23.63358378099903
23.295107428456493
21.06101407142655
23.15840925229131
26.49860818101459
23.787692436830582
22.33351200030685
20.67977821290779
23.260732074890598
25.308877080354197
21.586158771773377
20.948471612133844
20.776702010486705
23.300456781729018
25.004348640174697
25.41193333738941
23.59138562721968
24.12887703436211
22.90230539552352
22.074507621161732
22.78605401837679
23.901914428928567
20.89173238320786
23.944196176659595
23.08740562287089
24.11631104975657
23.32779338739747
20.658509487506038
23.82663445472713
24.21550363323587
24.122861922083715
24.509190421925016
23.15133709082165
24.34082631257596
22.011521690801768
24.807779699160317
19.98842115066709
22.611099733382044
23.48165882278905
23.427588219834238
20.926985761871997
20.81169049629123
21.753108048422682
22.496033128017654
25.42140435558268
23.64721870006183
21.800577781617953
24.85532373900596
22.599518136438768
22.673185705975428
20.190136435904538
24.571574206000133
20.01984833268966
24.535439062422338
21.942603451170985
21.275719086701574
21.264827289740456
21.350651991755196
23.647970145216053
20.999976300339505
21.826223520202813
23.630315390231512
20.67811683135739
21.863269975852326
25.159107834735583
22.902427072386608
22.784293210418006
24.15473023024362
23.453824776385744
20.214633067232864
24.507016770120927
24.1141266669299
21.826523830712926
21.638345877128536
22.272578340215752
19.234137809309342
21.3008863616996
23.23618136206814
21.266975837449397
22.43513136827145
23.513228060579053
19.304379185694156
23.413153651577627
22.307563329880033
23.364209143243585
21.511270319465627
22.14864982226809
21.015304050890734
24.743074871819783
19.19408783511737
24.99923962864276
20.56380771565561
17.344878510628714
19.1039999389433
24.006625695966157
20.597164851045413
25.55614583237509
23.565815948659814
23.345813405625297
21.474368578077318
20.707085974446766
21.966672354199495
23.536483646828934
23.035480647677655
23.17676741645034
22.20720608558875
25.069376223266097
23.933094182015026
19.81514437802422
21.438855646340603
21.660001414473957
21.984033055225478
27.843147725701083
21.238122652743613
22.482194858934168
25.241531575637215
21.093421118199032
22.173230701244442
20.862361706579467
20.57393888085972
22.95212759859071
23.870829171702628
23.12655795683107
22.8627218473647
20.646822259298574
21.689713944754235
23.251503310099967
22.74526165145308
21.660486803724634
21.649725867510817
20.342871470542608
21.620814246783272
21.633002258194693
22.777999823553536
21.85557530959202
23.477124950637435
22.441726757855665
25.624805464735573
22.994198338795606
21.659507833096278
22.24698566956954
22.389371821230313
24.879679553095347
21.960645114429262
23.596161889558974
24.927362240706913
22.83077426315098
27.169703200228554
24.786248330771013
21.560584768746534
21.548995657636954
20.174420257627105
24.467612499297196
20.422527600164738
21.572315751997326
22.445336421843578
22.28057618498975
21.788164451855263
20.113570605404348
24.890447228163712
21.469275824929344
22.69647502595543
24.128179586064835
21.94418508519089
26.111227373315614
22.93177718840706
22.86449206245899
21.94454431943224
22.52959100270204
22.351532047060267
21.697872013549407
19.312591702696768
20.716206527388856
22.165787541752916
22.589087995132136
24.744815438660957
23.887715251642724
21.980248114593934
24.541455263559353
22.386470500654227
25.28128347498303
23.2097385217165
21.746148886182375
22.780418146074474
25.24411436659382
22.454638843799884
24.025416494872445
24.613020966829417
25.536480071554095
21.379356962056523
21.849081028240985
25.33215042050077
23.635328123895988
24.232713842569222
25.016389229551468
22.705618844689877
20.733968176517955
20.425706501113968
25.073712217931817
22.821212200633525
22.566242416947986
20.96834474039154
23.00863449471238
23.76345801922594
25.151263671740892
23.53143072941605
24.549438025541498
21.874878579597873
22.565383062840798
22.552045921677166
21.552133579277708
21.587517786479182
21.8300884522795
22.151670771095375
20.62355735812894
21.26460027017653
22.911978400569232
21.510179081046285
22.697068843048797
24.395884727438705
23.353101762803227
21.24545310293513
22.217000730828286
21.331532926971928
22.094840190683982
24.700040624894037
21.90486176139266
24.58093102787484
22.789196922821475
21.095957425231276
21.929615065795495
26.100823175478777
23.05745406615359
21.063217180039853
21.573535486496407
21.86880570064206
20.317739936763026
22.873479616074516
24.243948992732356
21.695308436652763
20.33575408604683
22.511354353183282
25.307504007446394
22.876395982040574
23.38442954552862
21.14663438021539
22.881533100675917
20.249737417710683
22.67035183612445
23.703632526695287
23.185802713176297
22.50178910047527
20.79185154812144
21.580979123341006
21.39424082475132
23.429749041592704
21.56574857475498
22.196259025384908
22.237475043197545
24.611915276058937
19.143074702576254
23.22670433890248
22.31634182237806
21.747964606648875
22.171128403565593
21.516582533685153
22.204799751652033
25.41250679822855
23.626636566287956
22.54928133707691
24.30308766636507
22.024379397157404
23.6174146101266
23.63054141177868
23.24228331616129
23.009196395649514
26.713273650220017
22.72295440108035
23.09867367848639
26.51663678130922
21.592245531559335
25.103161528819175
22.263544458785134
21.489080951181933
24.136039403630235
24.573753746372052
23.472326397569276
23.124820119897763
21.324399423953935
21.320915963853924
19.68191958266334
24.39645923015347
21.506097114986755
22.387713764925984
27.63893956545821
21.209037159915574
18.71493030570174
19.315149763481493
21.871358121745516
24.775649938420248
21.78104572479456
23.06715547997092
23.231467557114335
26.691022431657746
24.79606388042535
21.932524401242404
17.07249568714805
26.647258239045748
26.312260976798086
24.31362390655135
23.776087151388936
21.230037077887584
21.450159891386747
21.279421224466354
24.041016406198985
21.775584988911696
20.923900751346178
23.06409499186729
19.230381413102258
24.081403404412683
20.37162253859913
24.986188345582423
25.251784941808296
26.10860992198684
23.839275292878174
24.800251172545902
22.697856981659278
23.94952202803383
24.463296659886122
20.47906098863299
24.03651189065613
23.924128540342583
20.62973369637662
23.67601572461394
21.018535303109587
22.591247845749653
22.807140045621477
23.422885360610852
23.73284272701432
25.245104452517747
23.397368898010303
20.90395334023428
22.19200775331774
24.259602966396493
23.928766252433196
19.883357803431398
23.9242365897282
25.092478295153423
22.491094476614915
18.13403553937976
24.321441401826327
24.083662092908725
23.353542203824734
24.869583126641118
22.852941530656544
20.041191342613622
22.201737000397074
20.61356355899033
26.450910493992502
22.327267472365875
20.997855471747734
21.972158107726763
21.670693171540844
19.73438903230865
20.822038261861092
22.16237399923268
23.882825476743612
19.58776554288792
24.5760432171654
25.4575524518331
23.050950841920525
23.059375614034725
19.67219859002524
24.837326152884295
24.63982084513375
22.97974182778433
22.01320060330781
25.532038529301975
20.754284607686756
23.364819561263936
24.817361780277622
24.205549776232058
22.865642123062287
21.781234348041572
22.998239234906883
19.949542686882793
23.32321692029305
25.861707933216444
22.025437803950286
21.960492055055003
21.18479346898977
21.886690528803005
22.369829466509813
22.254517398192736
23.604246897711814
21.21351750322712
19.95646094918647
22.220768711738643
22.390496791543104
23.12747729763277
22.393827182833274
22.068939010581325
21.061650235539854
21.118589515666564
22.54640244574347
23.225297841649095
23.974232787997234
25.22014997316358
21.386119212257835
20.1629649872214
21.49659562795458
23.58764089943361
20.15158070818349
20.354163192812955
22.404216168748572
21.546306184279185
25.86970830929518
21.22114881718494
22.53658345306847
25.747786607619613
24.571642142196843
21.629365396555972
22.62457546938143
21.262871356483505
23.851529498969125
20.38556382111583
20.74426375135612
22.946453234790326
21.626521607532368
21.36798653164406
20.691942038234917
22.68355629449287
23.70220384126502
26.251790604002405
20.956899734239173
21.513450834613362
21.03343144868279
25.696682453951066
25.390385189223398
24.025755924255787
21.96102588619107
21.846103051761332
23.153062305293044
22.298954454290993
22.672970997995588
21.82573357624905
20.170460983154307
22.496124705098556
21.050845264445496
23.955683299042274
24.760004231504052
24.247959722927305
22.379896538708955
21.691330139058778
25.032281979480565
22.573825779970164
25.308994585575157
21.687456959236187
24.268798320489292
22.386546680254074
25.83309373538316
27.092464533015423
22.284753490656982
24.56376666847983
25.35778312412592
22.410102734539933
21.789794629751388
22.59410312988517
23.442650732875848
21.015411905476704
23.393964867061207
23.279958703604677
22.33427166577798
18.535399196029978
24.511155355734658
25.17845175256687
20.7247019971976
22.695293363502152
23.983139848749417
22.33941991289933
24.64430960633563
22.50079700654182
18.810933474830467
24.72223482697933
23.443472229843046
22.931146856653385
20.110613847811592
22.323889659021138
22.566249378851758
20.826568282709246
23.35904242108211
23.99066649203284
23.641173577798114
22.447294359094254
22.541690748554892
24.045487747736995
21.932827601838888
21.413130053432074
22.8175178336799
22.34077113694209
20.508337358532827
21.427583647376547
21.69221925783305
21.34363648881023
23.282282223144087
20.353878837047077
23.397665380113036
26.16359618954179
21.485969948664547
22.699801795328558
24.70466679658736
21.359685409342024
22.769409304262844
23.724330029854492
22.620512836531418
20.90561215208431
24.484873419023604
21.07662989648896
22.460127777096705
23.662938622652984
22.577550615803762
22.05840937930735
21.636604548934432
22.916228392628394
25.14441472214652
24.595242773421614
22.897309842613407
20.943122110747204
23.514759074427754
20.92255164799434
23.680529955652418
21.397882061451543
20.82819263124684
21.61901708981005
21.23711359123246
21.490132159672537
21.819602388197755
23.132593375331876
24.808343826736355
20.6451182432917
20.467472537271007
24.535986292744816
21.12501006368381
24.698277792363022
22.134654365246135
21.46596818395373
22.865737647852683
21.630219479429975
21.082255342130402
27.34987287414803
21.50515232318745
22.84321382286086
19.60333099551444
22.852570903406523
20.53967859765316
21.330558239311674
20.426617823959226
23.03203278155854
21.64604294508816
21.943011738187757
23.976364454611236
22.630552897625964
21.218397997534794
23.081753778770654
24.094076034117954
23.93019663032794
24.685839406074205
26.35520077620897
21.229590581123535
25.101814026171077
23.806230756030164
23.20296859281623
24.12801899452413
21.473317914134206
21.46858277246243
21.634391717498623
22.49887360241973
23.029449204675476
22.37105230351893
20.255081093194434
22.015418020721704
24.521507248354588
21.191187915042647
21.894519880921198
21.892423793673117
24.41064148050277
23.141007378181186
21.335964057112843
24.719305626371842
21.108776292546178
21.659242713776862
22.393002724433646
23.687685844447522
23.38942721135113
23.384640841437907
23.972175690572783
21.513542829888188
21.884575343663318
25.07771110966085
22.53304518457426
25.292640828197026
21.37784083284457
22.13319475808454
26.51286621372427
27.00727776753066
21.354726743572783
22.34803673649999
22.5751827946895
24.629134342130047
21.86187489311115
21.42074223180367
19.651080314721376
23.326447648674296
24.599586529858758
25.203553250219258
20.833504133816966
20.97874423757037
24.08084069315286
24.28043354470747
20.335364261874
23.920459229755746
21.391362423748934
19.95962917019757
23.20683406343774
24.66069128851121
23.281880557639294
22.777552256888093
20.89192195882649
21.813331703662232
20.297467300167384
20.600345118998064
20.389472017705813
22.457598252931597
24.447668249434518
22.535112511089594
24.08310936168732
23.192261827216683
23.341779921595286
26.002887425824213
20.58286130963284
22.308296840124914
21.36594409404531
23.410556442049387
21.43870484685731
22.75919282128118
24.46046782094904
22.625490882642833
21.616500250919536
23.195289977011
23.712503327278647
23.241042088303345
24.583764536189367
23.514710146688127
22.641977726062876
23.856301384436712
20.955720476754124
20.51506184135203
23.12647321833883
20.41195497690066
22.680486600590573
22.811809562145932
24.835389452302554
23.834669150742375
27.69481357441045
21.63901360412581
22.76989868981884
19.428864139664082
24.223848919762364
26.691260932444788
25.05437293680455
23.81277071107287
22.384982102149593
21.888560034288865
21.908363774387535
22.48712927086543
22.773898572660272
21.384569896902114
23.811783276779945
19.753269471665526
21.40444217488597
24.386626771716088
21.164582604340115
22.568990028636197
20.699876280705496
23.109201211132504
24.759486482553992
19.236316338305503
24.98582008976595
21.70557513380321
25.050510034067596
20.002315601282966
21.655518580670037
20.720540764275924
22.352736771706745
20.950845970261614
22.31308264335108
25.859136895338334
19.98721823106689
22.715794588684467
21.732023536896786
18.911849236937663
21.97408429653884
25.23333870242969
22.95935438438779
22.599516053042006
22.05064801076536
21.811342430950862
21.12558506803027
24.761891751422425
20.45405346199343
20.584442431601506
20.781091888930785
21.235128254186023
24.41588171636692
22.733582357553388
24.529162921696198
22.82601811076594
24.766994023266626
23.612885668833623
23.434936326953206
22.53161718924499
18.2014050748836
23.460544717529263
22.279469972509652
22.551399906654442
18.676065155331678
23.634789049742608
22.988579704166977
24.047371700827906
23.834983328955712
21.199423094613955
21.636303783455222
21.258604168200954
23.93402487864716
20.82236926465448
24.350880143414216
21.747126161131117
23.71777186112953
22.614517982979113
23.009317602112738
24.914857068591452
21.925118529746857
26.422392396989643
22.10243008741979
20.57513385833342
23.95072945561922
21.489083127157816
24.395787248086986
25.86691987956956
23.52680950187259
21.12916792545952
26.552656706808175
21.880891349809858
22.80919555261691
20.328147323118966
22.60438728009701
23.707753304125944
22.73404709858012
22.62877950993216
25.806336272095596
22.02976871119272
24.583826247181708
24.71861086898472
21.148351357598923
23.75876381365001
23.0297911381157
22.579822144257395
26.466964826440392
23.947319662124826
23.872711404994995
20.248173356348342
20.816061890136854
21.82889745824819
22.289839154275025
25.611790021067982
23.30642724092518
22.073582693903397
21.312517325159572
22.192669794697
23.25967473043715
22.001346123425296
22.17833108078424
21.506143268275068
21.863790382300177
20.94447799125804
22.698454540735092
23.683570679994066
18.896279470977582
20.933816249960124
20.11247142035968
25.102542671533985
20.601391737161066
23.367412907800283
21.26441983602383
21.75725721566118
23.66972716530386
24.271144218891685
23.68521083871692
20.05490978912218
22.803206899808963
26.47775210612987
23.174365181971027
23.884043717370073
23.641294245556068
21.499252354898488
21.940786530861892
23.564697501952427
18.917778936235877
24.273876646718932
23.963849547432613
23.39637395825643
22.980017426042426
22.515659177579618
22.559863266075595
22.5813585863723
23.627114330578678
21.01522883051074
21.878864301946745
23.494385510670124
22.758359332295136
24.301480109365
20.997648737229937
21.92255313049733
21.864064307775596
24.772164525857594
20.02945802562768
22.352494658629826
19.69525863676819
25.314638179184723
22.345746212749937
24.163524737840696
24.052251827945444
20.311961089282207
19.924926766996705
22.38368227107562
23.178293323844144
20.79219678955356
23.102420170137687
22.522165946263783
25.054898683394885
22.230709067606035
23.14283761576669
23.98345829788791
21.928425438911628
24.041934186758958
24.694197043271895
24.353641306186063
23.455584984361643
24.36522699700721
18.69248127479054
22.36949600761228
22.94867134024892
23.83498808384206
23.165940448446577
22.06714718516919
23.480301670397765
24.61047071174508
27.028011280024355
21.20547298365543
21.60892938759903
21.37591753913149
21.74338415697523
21.033863553659483
20.92886721034171
21.409035701876235
25.508409130274835
23.183397303501966
22.232405705021304
22.388817954568193
23.521513567158404
23.13655234390564
23.409236756042098
22.77812186911011
23.481139174611304
22.511438707888722
23.906263873350348
23.33468131402023
22.701675065781274
23.995903720307496
21.73927140711172
21.637229234993075
22.017165831115364
23.543324159467478
22.461111663963482
20.535617115399717
23.051686174390316
25.354074514485546
22.60736975516096
20.99039606033172
24.178114698382167
24.662634807767617
22.58185110008419
20.295380448102602
21.602687198515305
23.381332853675172
20.93905716185218
23.540492799298804
21.21182065006097
21.140971203633526
21.422702271993934
23.81791140972708
23.60774639790122
22.048146305150112
25.023790433995213
22.594277741038937
23.248096474297956
24.361735939372714
23.231650924556348
20.456098552800466
22.671974236800857
21.9857609928357
21.752553522645858
21.879334017006087
23.144098168057578
23.002545927533017
22.08693648151772
26.495726772661598
20.636779874806432
23.759853760294384
23.51402216865603
21.230727755026304
25.89855120431043
22.063250714484013
23.45541251709302
20.331059414982082
23.516858922604847
20.308844119284647
21.537451348176926
21.409277739480935
23.907793228809595
21.11863787853866
19.66291995349452
22.48798553618904
24.553639163223107
23.19669251312994
23.329627431880986
22.200288993741243
21.96088271050991
23.492206021024533
22.271981127769187
22.82469575960005
24.479612639032933
20.919842798505297
20.96752239492951
21.286330859104805
23.489368835954433
20.491770934228622
23.1998065750213
21.035088239188255
25.528323743345414
24.884000695904433
21.515806863634655
22.042362749302033
23.07757924667811
23.209865709140164
22.200226938289454
23.368303270886518
22.5147972163508
23.44887094756375
22.368667865385717
22.510519407054076
22.714912130986082
26.579100499143895
24.977103017355304
23.294139614697855
19.638901634839478
23.263574118670082
20.537985914284558
26.193031005060064
21.32642010817457
24.503772768537743
21.215987285134254
24.605352500068932
21.454374646508203
21.97909057264972
21.47687067675252
21.08363018353366
23.96807329098904
26.31969894959885
23.14686201412131
24.72294192951521
21.229350530451566
21.616519092733714
21.230922810654693
21.695307582289427
20.69527179018508
22.461137992614614
