-4.196280895253242
17.80465091309991
-5.0411058055802425
5.097490715019432
2.1043479135714085
4.471245588905574
16.368867479840084
11.007389569505134
0.7176036548662419
9.316428172354902
18.53743375508858
4.500364473947444
6.318729286387335
-22.269703137165955
-7.862297198433938
-3.448553563078171
0.6072854059208901
-2.5547131242541736
11.240889864690981
-1.8725720097444254
-1.4599597381322487
-12.874321496782787
2.075197637518105
9.079131580972595
4.592940018424868
7.995160678016588
-3.3949597629074972
-6.416397924537174
6.790800180332941
-9.050689075550732
-8.321042772204413
10.623311326818964
4.4084287078554505
10.410025447312451
6.324817671245368
9.101850496052796
-3.784928650968521
-22.327984612815204
22.41714537599972
-1.4400814012129066
-14.57089984533237
-9.22618905315371
-19.028546767444066
6.727144281207373
-14.683638182816981
6.440113244810738
0.13492501325717243
-8.807887856266772
-3.763029522780715
-8.762181817891037
-0.8154741356234477
-9.037191041933802
-5.361690583773829
8.028347759300472
14.410164578014019
-1.4805315342364747
-10.355040637854641
-12.76563652325769
-4.561887484669644
-4.479548878834445
-15.52094435670758
7.206823353313906
-13.336669311153782
-1.9490289253775699
-2.86111738510765
4.193760147939175
9.157326951831568
-28.797280906588846
-8.27341696996898
14.585436750358165
4.676257717618141
-14.259209455804355
-21.521922183454986
-5.667597873273299
-1.0642626159785433
-20.74752824192065
-12.296177894110803
16.0924626558659
6.618021757331131
-19.700143761562654
5.90274217583668
-17.02889008688732
11.33993823826077
-5.962148492795498
26.76924608937031
14.490498307494684
-6.456158489611929
5.202107042366159
-0.8898865035691979
-14.164549285308677
12.71954789608776
12.85744937622557
2.938863322084335
-5.3868201174903465
-8.482778239595133
-1.1094461044409973
1.0809289944101845
-9.353346893619047
-2.880699778911103
-0.3105351146502422
-7.48507768046152
-0.4036157737827508
5.545692177503398
0.6868354502350522
-4.753453958661348
0.0559433023212228
-12.776641763471
4.338699996940224
-8.988177048771536
-10.843994905277722
-4.114076840031725
-24.08150986013362
2.8139075914456266
6.594354676300196
30.751356254352867
-0.2681964018741174
-12.677810578440061
-5.8309100493386214
0.32747779297088936
-11.1784927406902
14.063163275403603
-6.740293103567658
-2.297898723105426
-13.390808794745528
-14.66251169000898
1.0837059609698811
6.216527354266765
-1.8668105592143804
-1.979178498863546
9.773015073366299
-17.080186342166645
-1.4028127761537519
-6.182674129026969
13.952031350665882
-1.4008137870883233
13.508712732388
-8.990502961227921
6.313330853517639
-0.2401147676227584
-9.977616410625135
-9.997429303565733
-4.129388694928991
2.0239667170607305
-0.28019569596188676
1.3159309457410813
-10.761138456369277
-7.756326651801304
3.588811074305905
-6.39307322487569
-2.5026499469027947
6.7697424545523015
-18.268167579238394
9.926308408238027
3.206749425231094
6.320924152704483
1.951740544004891
4.109138866236499
12.100553937753183
-19.32522478279529
0.911106814873168
18.15473336542526
-3.6206613552895104
-10.596500914558767
-1.8956386340826992
17.271652779270493
-2.6054999832923027
1.028858437972805
-12.207267227564827
-5.012604814976936
-1.4541565282290878
-2.5178040242749153
-18.106654065621047
1.7547295372028913
-14.5946112929076
-6.726280888110667
-0.8388557958231018
-12.91224308833634
6.18963849410413
-12.6689515330353
-0.40648246334177207
-13.54586053871352
0.23973543492595684
4.529702615650134
-2.162644450432652
-8.112460574818314
0.35672833023565587
-11.135912544653502
9.802425085039296
7.146352407035138
-7.183155178068312
10.797644797480105
-22.17270313775515
7.524115781554043
-9.3103879102561
-1.863542565942067
-21.160613418735288
-14.577237136583818
4.2276320951906445
12.108359833390036
28.744127608463458
-2.098852204248435
-3.166509965045879
8.82446735740143
15.15441544738421
-9.592001439273124
18.388638956858994
13.027999438265756
39.539539211022046
5.095671929758917
1.2221757279108254
-13.409036874724235
13.74954414443864
-17.307788315834543
-1.2806640322712115
-9.862659084021864
6.563361942551865
-13.73417378366126
9.537364988702642
-7.638162632997103
-20.342001962453498
2.9210870693762185
6.267846973723409
-5.902855255690442
-4.69118362269514
20.96341983682271
-13.8299894629613
-14.901882618710486
-9.880667888235118
12.53332509715288
-3.542853987586276
-14.67342869963257
-13.15596630915783
-3.3500180042785206
10.181244245567209
-18.04633175785431
-3.715182509992897
-4.309824087304333
5.2749693556674995
8.948188967107475
12.532626553813522
4.456750580279758
-5.145262410573246
3.8415462558845976
-6.534352724769731
-5.462565232753665
-2.5141056298515725
5.29463582196733
-13.002281765246302
-2.8081079656333747
-13.782386381191676
-7.816734714583001
-4.056843558354279
-1.5702912883635873
6.350867848146578
-0.5245230803471618
-8.235364964403306
-0.4841163491649337
6.506115369899744
4.6012451270276165
-7.452993255167563
-6.0548228459125895
7.344146948997282
2.686869879322227
-12.02690698186058
-10.060083325619996
7.436119958848574
7.6574157152587405
-19.20485475868369
12.39627921251063
-10.552992659029766
-17.276514775949575
10.810813495542043
17.833060598116692
-0.13490738114705159
-25.083020913148246
-3.4830605192565907
3.378202599790301
-18.625933394104578
21.56625469114972
-24.160093105091452
-15.353070228358028
-11.139899169495607
21.555815128331936
36.88515798936144
-20.058376249355028
16.374134974732183
-4.898807253829267
-11.588739168102158
-5.830120359902816
17.901967740032976
-1.7104437162391988
-14.749314327683116
3.9905539171407423
5.2757723503513905
-8.23279421542698
22.98472845761211
4.82573320953075
-2.1668431515311792
3.5242963758054855
8.87026068841768
-9.658287334078318
-11.892098598831497
-2.6471203454588577
12.86227740901802
19.61568975269462
-1.6098191508652306
1.2034019101726274
3.2651458971853367
-9.911178029843809
12.306504172930559
7.704529096997096
-12.155453369519337
-12.840556787464543
21.439992697034356
-2.5019650010798644
-27.535509528501333
-1.8749257305362244
-4.731523206594892
-4.368459303616313
-0.40440959419808076
-0.8988909370239515
14.346854850633031
-17.904127520912702
-8.141208618247807
2.646989134256265
-10.824543621720503
-15.240776745212937
15.75432106189242
-11.740785490801747
5.983390457967014
18.3142209738302
34.44608970087458
-4.59494677545021
14.685191093294163
-21.198513398519214
8.956073155093291
15.261322564722006
-1.4156345586254617
-11.87510126571078
6.59918513387938
3.382755733134222
10.785339015960815
6.512910580391104
23.502991779293826
3.954867076375318
4.271587818437157
-13.642948038495003
20.572186768768667
-1.4198147407936321
-15.815729367282426
-13.197848304032318
-8.463577919172936
1.9075099071238788
-14.588882667923867
5.874013931746494
-20.83097630222912
-10.228249926927
-2.3454879175515346
21.184034869311656
6.335756409875616
-8.008537386534865
3.858274231705643
16.998459159049297
-6.78321756631684
-11.26223708932359
3.978012942940171
-9.641294253785434
-7.340006920538411
10.08406673267718
18.824399478932968
-0.7876064681386302
-10.18311644457062
15.266338876028035
10.936185593079086
2.6730535454651094
19.077198849831454
-1.9586867799859702
-3.5619797270929525
32.877777581557794
-7.658677293396902
5.078897717458842
16.180630949173896
7.335564596086203
2.477989315538842
-8.709194710476158
6.499821541265463
1.3678675178360713
20.519330503700196
8.580402391428018
-7.421373099482832
9.671363148920932
12.200498373730436
12.168528486712647
25.53204102579503
14.98015986152609
5.66717798805032
5.4309709658737715
-13.43506132682579
10.95532393378641
3.814665145133671
-4.085219654702955
-3.7911644581780894
4.7058151086862035
-22.058511409031173
0.520943912280069
-9.235698452746472
-10.838401090193157
0.8060909755020434
-5.444889149913541
-17.099967089662783
-5.45385229097159
8.341357344140267
11.61754227729754
23.18834488328747
-15.066402863438634
10.54061080475095
8.326339832693018
-3.8806569342964172
6.060713256395278
-7.161493496185738
-10.837602623909634
-2.6884509546379194
12.215865040565234
19.779124036792787
12.920921509922891
8.988915924226301
-7.301139318378419
14.307612339608868
15.009599838349295
-8.054831678377822
-0.09081409279761843
5.157993511597551
10.148978238870516
9.48432018551849
14.299657127602377
8.487568225429898
-1.7281478979491887
7.280529354134055
-1.9190314136665554
14.448194804976941
-6.63915282229267
-4.482650688373836
19.3481302864913
14.655597945516831
-23.494107095115314
7.094772264561396
-1.7250609065925975
-2.076334830325232
-10.525453566806622
14.52715237660691
8.78172511452168
-14.798604574371558
10.390233483430057
-33.42307194603458
0.26348585249069134
-22.755202316599817
-7.650543104184067
1.7859131785541729
-14.739714282750732
-5.139444908365732
-0.28608928768633113
-4.606326087060172
1.1980497448308316
-1.176419129721772
-0.8237563018998237
-7.291762353073305
-4.663912368800541
-10.051829406643593
3.2298866506672543
4.553484657927724
21.489861248426493
7.807893502056987
11.867523935377791
-6.467144351485219
-7.175674542676955
-5.764259760401419
15.205338736147027
-6.215876505599049
-3.048429356969613
-8.264229290558124
24.641505268401495
-10.069810457340086
13.501990213853993
-21.18073885829935
6.67639262829395
4.7156503054006205
-13.88527660017017
15.532173340126148
-1.6808617764668705
15.126917393575216
-12.599301215162608
20.93929145754438
-18.402214718589324
14.938646546032793
10.388466202762581
-19.52576229958534
12.072007193678177
17.333744258292594
7.948547152002868
-14.992952297846367
-6.936990126294539
-1.2128019587869963
-8.100083767870952
11.74081014478843
-7.082396995615099
-15.42285747148652
2.1204483502826488
3.1067847609477797
-9.083683171353298
-1.0576673288889922
14.466986323856077
8.053408249806502
16.90168004335808
8.512695367587463
4.659206018420028
-14.934589481743911
-6.644583638338146
-3.782924775902141
11.787881956358898
17.17034489463042
1.221938172962294
-17.93119779050157
-27.65635309296029
-6.3243253699951145
-2.947941918116929
-31.102310363663555
15.614805606982076
0.7542431792857665
-21.492557644659325
-12.096216065626336
3.854515956294285
-8.013547015415714
5.306729435634686
-7.936017150290585
-13.293051955813826
-19.01843752843764
-11.446099016333315
-6.350010993492756
-9.842319951132644
2.40833279722797
-5.866018275898556
21.459576973403028
30.996310497013887
4.734500004935373
0.4581028524663804
-3.9398763277429776
-12.573365900349007
8.447520311134959
4.805849456478548
-1.1019892250551926
9.81810191627165
9.496319996297503
-1.696369631817963
17.818420719427642
-11.732464529978731
2.4008798604184185
6.059936548260666
-31.881276365619062
15.841473285977095
1.6168328910061383
-13.896670677169794
8.42719778269612
-6.459242848551468
21.35922515357256
8.509514123452949
-6.730075603138719
5.376002225647137
-6.059132526931416
-19.168028571018578
21.13070053518349
0.7567911606203854
-0.1095355560667981
1.9636651757805539
-4.580330379210625
-3.3074467788235165
-7.2057946027282735
7.097104913644151
-10.63553660543638
8.577633911462152
-5.9422371479549225
-6.561849565177109
7.719899748035618
-10.698617975184595
-12.66461338365534
-12.033527164474508
-8.48337147910389
-0.4475242863325595
-14.042290040946211
-10.110166996513207
-13.18245045074624
13.032283363610837
17.114406299390254
-6.695492451230234
1.9517357607600565
9.857180557958602
21.51512895036571
-8.418799010484026
-6.233594981403179
-4.610110432388641
-0.24451747031075322
17.487554658449906
-7.708862880854472
3.3580397758952363
-9.797756359591942
-0.036671091725933413
-4.115644231183129
-8.114838046050775
-13.244849396885574
-0.8875370773107965
-11.612993603886641
15.84547569844657
-6.899780727579467
14.894485740452907
-5.594272075638084
-15.415727081548392
-9.918477136010729
6.154949311248829
15.691547743602564
-19.341762019860962
10.475438059145349
7.70802352007558
-1.2658599891688171
-7.299933051304347
-9.510769060289999
-5.961335898753958
-17.250641999221198
7.23285429872779
-0.4590491583911659
-19.52519046325917
-10.128546954051364
12.394716821099278
-9.475634292723864
2.437309157276382
30.538695609481806
20.400542993394353
18.73500853162163
8.585149453540534
-6.4945105697913785
-13.44865534721834
11.053681031731124
-7.284822174051893
-4.316312255391636
0.46938663193614527
7.79873402031799
9.156221425670935
14.857699511572966
11.186830613765052
-10.653079233374363
-1.5072777487444764
3.147331326178712
-17.022539135505255
2.6539850399036418
12.366309834959925
-1.601083015785123
17.668792741694833
-1.189079090805756
7.140387829561849
9.394964505699157
-6.442679786256898
8.249932333916755
19.54341604852553
13.068822160415857
19.61549612976204
2.600531241728007
-2.205862274642669
-13.791044139967136
12.823991931648537
8.383658271827183
8.579999649620776
1.0334875906452399
-13.794675151094138
3.636865477029037
-22.878029692745514
22.867814408457498
-6.767996072423621
16.943257159543894
4.972078020224098
1.9564030339008687
-2.8203434382375376
14.655696832020563
-2.0243928804476674
-25.689302092476016
0.8127106995150355
1.2398884451448766
0.31038358529096133
6.074591006972733
16.87806726949632
-9.556753160736795
11.761647619942838
22.894612412705435
-13.234053801115168
-1.7784994796201923
-8.549410000336044
14.195505139073406
-6.319661858096399
15.027435663289836
-9.125339992045781
9.562308817433435
-4.901094163537914
-4.006025593781386
-0.3825533601810207
-0.2924779651659639
7.600444403663717
10.14430851126892
-9.017914955941594
5.882677478203144
6.938382549387685
2.613335436535011
0.6501459130031495
-0.5347846453978495
-2.642776607638462
19.5921450098635
15.082241139711222
-4.516169991883283
-13.90070595436401
-9.485155822391864
0.8161680929808082
10.384275056684125
-3.4405393864618974
10.51180985564351
-6.362426252343859
-17.17787451610709
2.8661790432234437
6.9312560378363175
-2.5832114110648376
-22.236378727394047
-23.808802341958522
-3.0434793319142663
11.689388692765315
-9.75092025504454
2.7089023919526136
-7.9962664793286695
-4.4820853157124025
-0.7777189804481219
8.929524034117252
-10.445845053955901
23.41126718743535
-8.647917464715253
9.283998658651457
-15.690614593171679
5.756111139564144
-12.51884364329268
-8.867025252377712
-5.85055340762441
12.280841779994478
-0.19362534329214198
-5.870124148358236
-2.7596253313323604
-3.3488487133808986
-29.51744618229025
2.978524163549347
-11.707691827965878
-8.15956195557901
-6.539742235297575
-10.281949752711093
1.6533417658154472
13.548824386501076
23.803695208312238
10.257605204139526
-6.290472542114121
4.91078792317946
8.174848360527067
-7.500890010269403
2.9662187233036788
-0.868646091920429
2.7224918804635254
-0.5878011529013644
13.023620179027237
-4.1286815264610395
8.53179653705904
0.4816638717905677
7.8142608667212095
-9.511928445852675
-3.044362991613334
14.68149879322641
17.35057740763352
-0.1246890765604638
1.4360924057119564
2.07038993792131
7.1148720585582375
23.241561596612996
-6.894844882397753
8.477806799744737
-5.244921982166436
4.781040692916732
-5.378165119339559
13.983184796671821
-0.985983713656126
-0.6739245875261988
6.896414180065508
-5.0959570968839
1.3810885290892623
4.3151799898774925
-21.824462633826446
9.02474861709166
-6.841410953568733
-10.804743928713442
-0.3469935829243258
13.362408358065496
-0.12060700242484734
-5.938502553265853
9.289425914555814
-8.817692355048063
-1.5406003195975397
-9.74906593353639
24.542418825593476
-14.838378287218951
-4.542404492609098
11.86095704048538
-9.649785267017283
-13.96698349907584
-8.408725354438154
-8.904934942243125
-4.625716921927916
-6.308667326570082
16.301375977291812
4.424233090361989
5.30046469957363
9.89894207145831
0.6186715599413486
3.3262754030246655
3.2753853523228487
-2.576421203144861
-4.896067400600867
-18.060080854872243
4.989880199513064
24.062588434456938
-26.67375745521158
8.281954189718876
13.590587998545033
-7.322557388892959
1.42331121931812
-16.549720157297912
13.599064801628138
-15.342431987925242
3.5552690718860744
-21.361824542474665
13.041114139380301
-3.0499731935344734
9.363130999361093
-4.692013157226581
-5.009857900959284
-2.5318007851330737
5.0940495125168
11.964781056533582
-20.266803950664436
16.0142150625201
11.46776056374364
3.166477943233372
-10.185305442981457
-8.254489272522619
2.0093380444517535
-19.877253344342723
1.3257380536402597
4.442319033768374
-3.3015225338634937
-17.11393739475448
-6.899819574124991
21.580311482532107
10.68532023172955
-0.114394492456451
17.88449650772458
-11.132825634878884
-15.905828268965777
10.258356302121136
-4.7276215937492605
-1.3876710714280942
5.867258812041471
-2.8654893697573196
-7.751907017216132
-33.195412183717664
-4.236853867554194
1.727652485154927
17.416972354872495
-17.09933951947176
-10.711410943231904
-9.189898827334519
-6.125784088210837
4.58351027421889
-5.422747530945731
16.3984890803922
17.225637639398307
-6.752428981227494
-0.11048034059259915
4.616263007294575
-6.657319466155715
-2.1280284922868433
1.4536474139137578
17.872833242614526
3.88084084039704
1.2368754529831127
2.2312393775170727
-1.699610701257302
-4.2598985501791855
-8.372167623083723
-12.111548675836508
3.5901726578662703
-11.079690637806682
-4.354426726223389
-11.176010545991726
-15.899989414327992
-0.16088804742889895
9.2104448186097
7.538003029783462
4.268509973790645
-18.802955318840002
-16.491526726826798
-30.484996798615967
-6.590585091656702
-11.12772318440031
15.058171349977615
-6.785163628302814
19.213113409313564
14.629990533734524
-13.34090927572399
4.0026312074013575
-1.0984107174564552
-12.870448229201884
2.593276119274203
1.53910603043673
-3.339947481517334
11.89547085883476
5.118566518777316
-13.970274723879086
8.196830388891781
-8.65296987440796
11.142313518421759
-6.703556286193437
-1.6031892632694973
-16.776502195556407
6.816068085305197
-0.3673187089359202
10.89270236920573
8.720127622047213
14.4413160295238
2.5797961110435637
11.45767590292255
8.685658766549837
2.7267688909358507
2.4165552915751114
8.69825283454068
26.190813764035322
-9.213850134715557
12.457147454554116
-6.2646931113551805
2.8802764464994497
-7.8502909226484725
14.099645195464497
13.08305515442824
2.986797918493149
10.318230661576006
4.879693866449335
0.09448290471912812
-3.736422900766548
-0.2584295016674367
-21.58041747507156
5.418459077984017
16.90777166570324
-10.249997757102705
-29.657938888526516
10.349926719455766
8.505719404678466
-1.393742694590953
15.035396060058295
1.523554687652687
12.46522337667357
5.822541799953404
7.39639706768583
9.354583601795696
0.7156206400603312
5.271585005787466
19.13634334965245
6.1093456172487315
2.6247741895705325
1.281338676875472
-10.604343784550467
0.5359755454610217
-2.618066770155988
-3.2555327816581636
1.1194561474523028
-3.8873543881695616
-14.28899150352929
-4.940352429555325
-0.8790163531064143
-10.65447559787914
-14.782073711271918
-3.914609026284742
-24.795015407320275
-10.288920995450624
-3.373442193071611
11.49038507958583
-4.763386429804069
2.464412648053725
21.509711759464757
9.657195104506734
5.6765348713735015
-12.507425283431392
18.650105820925752
28.72851906424794
-0.9544475873018909
