0.04338430443034187
-8.200250875609472E-4
0.1958201108673154
1.1643576985606883
0.03524227445746065
0.30442215916456994
0.8816892226617437
0.7601139417598024
0.6707419216650884
0.18435893965797354
0.8873998121104716
1.83088099444137
0.21641799736227496
0.9467534734740807
0.9500580050151056
0.4185979794862921
1.2309117720765856
0.7804451233986585
0.14469155721359095
0.4833100654661365
-0.15659529707413244
0.6108612654028658
-0.15985264295310578
0.4371045734111835
0.6044961381619388
0.3958550425838465
0.6226604921887785
0.40550973392260264
0.04788687056693522
-0.41735067083882077
0.24337985025527742
1.169829304671983
0.7214924121219753
1.0992519396485771
0.6071377128019134
1.0309594788193592
-0.41550508241527273
0.4192278532617524
0.14126814011158292
-0.7373406596987562
0.48542064809321445
1.1083164255427056
-0.6544882048870427
0.37616840342468144
0.12285615454961542
0.26502986555375346
0.38007835264962064
0.9456560454627114
0.5284021324542976
0.014120837785515076
1.0398443742352255
0.16281825193626606
0.17712162876882317
-0.9977882504370943
2.1153567406468516
-0.2408802552017462
0.633318569712952
1.2925669444144805
0.7200501263081118
0.23138889137545796
0.6194426344432495
-0.31026292230969266
0.8703276113475625
0.21512371191940988
-0.2031817854699857
0.9464210672232318
0.4214078648077941
0.13881298103791517
0.4951073583769175
-0.27214684425136504
0.6408415347864977
0.45000829793352665
0.044690791238326755
0.16660931732294001
-0.17920677390018244
1.305898162762411
1.2557313823203713
0.17326010306024833
0.7499701091328503
0.32068943985237197
-0.1773234845931299
-0.19627751213481254
1.0159829801593125
-0.10054024681792209
0.06550201674907423
0.6256710237643974
1.7848808764401234
0.9050618652700231
0.44154812527359494
0.2853865005645324
0.9799555628445212
1.1110344022974028
0.6863384199975553
0.17850661922615127
1.063960524717569
0.07052292754257934
0.29496458495008554
0.47052521671949155
0.3924612580453623
0.06076020920081214
0.7089439364207162
