23.532341649101376
25.98843920471422
24.74450582550491
25.3768597958693
20.723480885023275
23.427027812334792
22.2617195726053
26.925307672140654
22.8104487952123
20.167166233470088
21.088020090066987
24.711576880267994
22.847056723717213
23.045227867186753
20.839344214805333
23.1526494391665
21.41001871451751
27.414728958142614
24.212482296500593
23.00682541859313
22.40205000301776
25.819973817794047
24.22028075051065
23.61523360081525
21.682655019835888
21.191032198005352
25.00562171978022
25.69215743377847
25.819813971188037
23.63984376281289
26.34916886851588
22.261162746644352
23.14866347957016
21.394321389432168
24.603426755601088
20.53478599477909
24.56406504984367
21.72918751041898
24.041667690621072
24.12019205909564
22.607392156788226
25.57639986916535
24.31146876935993
25.503872950764723
26.43221897557073
24.28451106287512
24.903655321188584
23.27570445848567
26.449878084367715
21.885468125017386
22.909664681934327
25.05223520575018
24.386556587913148
21.9368564284583
22.377418986816963
22.124851603533504
20.780848916048388
25.20867369965028
23.502805667459132
22.107059084589345
26.13215869297562
22.981830711866902
23.66796630960633
20.477418098224955
25.361853682173326
20.825373268300577
24.25742732048478
22.117559798515092
20.82503907495156
20.38250208794656
21.80952458331317
25.166320832575675
19.96766300593675
22.488778116519818
22.62793185842283
23.066870301083625
23.28328339035294
24.03356402721287
21.323119919507374
23.85722804947336
23.904297885919508
24.096870201858707
22.593567751354975
23.293669272396265
24.058676920405937
19.78736026397634
23.44924517842338
19.813460594386445
20.14026891761657
20.895888145560146
23.612966498131133
21.535592152633743
22.013476764817597
22.02173822382921
19.176010665282732
23.85149620525012
23.521871612815083
22.18371264086265
20.759561558498948
22.36683453099773
22.556200279976505
22.138883198394407
21.64239349615877
23.74267470154312
18.079480836023645
18.997933679597416
18.823148695846875
25.510112779485183
20.509700216647612
25.140404803756915
23.20275226269644
24.254094680042822
21.871413225081596
20.061156107072
21.847945318314142
22.80025140374531
24.100970936833797
24.427777953140946
22.558812530194214
25.641629421259108
23.669322163504393
19.66833098584944
20.873404007962826
26.12179839917437
21.01777045982696
28.57136813993239
21.098960606429273
23.41394224382412
24.52475964993945
22.524348541876517
22.397199803170036
20.287910697722687
19.56935181919099
25.071424988248733
24.09048999894312
21.379162070311487
24.032564899248996
23.927449940333837
22.826493451961458
24.85674563412213
19.777706515368518
23.69321518876453
19.075719024921728
23.6464918581604
21.163142161509573
24.183923102122186
22.77434468802066
21.988130038659797
22.282861331232436
22.99218981941725
23.93017250141472
24.739158490299484
22.69466432190863
24.335349208374634
22.531771368135324
23.422861358095748
22.65013222079297
22.784533399138105
26.193267713186298
24.922897592149877
27.12048037529568
24.820838989462587
21.982664355306532
23.439304593122955
21.133310044121444
25.63479722842573
21.034969617989425
20.77704955835607
22.82139337009393
24.09510716809027
21.4203310257143
19.46204563670728
24.323481484135474
22.758028685944932
26.121353468828655
25.810359811293658
22.02048904263353
25.9103419251587
24.087071511252944
21.29827310021984
22.845353130586748
20.75589361164707
20.730361791203606
22.53305944256751
18.905925823345974
22.218249141402364
23.517440821556445
22.151194059605128
24.846389664041492
24.848107874590973
21.27434115235697
26.009955589366083
24.398424527252345
25.972268488594036
23.48137509883409
23.122375432680727
23.162710798210533
22.87290969913898
21.485885704148163
23.914162728491497
22.731416517837634
26.12168642784104
22.06763505189644
23.347636647800524
25.582541953079712
23.6089613337581
25.60321862317628
21.46413597450827
23.899301297985343
19.644432825781355
21.699695614881577
25.166892969443065
25.157801784071516
21.211034327593936
20.681172094702834
23.360996946519332
27.0315331330866
25.610081145243388
24.62923556303477
22.491112766685703
22.45178608485653
22.978266801060006
23.99311236861654
21.005997097056696
21.836804545630443
24.100740348234744
23.633089046875707
21.885506940778523
22.0597633149735
21.48139609965401
23.643382155241394
21.812079799564103
25.14374044900198
22.773099034627702
24.134931335385915
21.4472079391649
23.33024952420479
20.98112500802617
27.147825689989187
22.307957375110114
24.20317851962813
21.733655165892905
23.10318148772937
21.487304262674222
27.883079559271327
22.32437059691032
21.162954000700296
24.361693239396416
22.38879651912646
20.380495697798427
22.793201635900544
26.36963930948122
24.119333128024767
20.502199109027934
21.538072584757597
25.684943878139453
23.221517976044773
23.08291587955762
18.50899489006167
26.566661304013643
19.63986128298539
21.8207154128536
25.795299152219428
24.662127901404453
22.441891760305992
20.937606347287613
22.52156234191801
20.934243588185563
25.445752621266397
21.465708295924543
20.372998585134006
22.051856311022608
25.212761476708057
19.63827786185193
23.65882558393024
20.63010794549647
19.3924899934419
23.53025097275705
22.885153665671766
24.26129451623308
22.616183506966863
25.100086521479966
22.811108909410734
22.74598341480948
22.651789699269095
22.73180607993498
23.888758516790336
21.891440437211514
24.141109901884562
26.593891026520293
23.399612728892983
23.104865231929452
27.226110367776595
19.984112831064014
26.678349362783436
22.08167668042588
21.730025177235103
25.54862626016896
26.0725919080467
23.9503111033314
21.868698107234643
22.67031305786264
22.21512056800091
17.10602548948059
26.44324823881874
21.926759193691158
21.617167646077867
26.81277760467209
21.405281200684815
18.415134076218433
18.862551111826384
21.070563549385483
26.016837949442085
20.077315189380556
24.380523124129617
24.081134650981312
28.95438967958013
24.089287285295754
22.88150649307336
21.087061930085547
26.84353248748237
27.82185181730431
24.38445136326245
25.53515042370278
24.437514000830614
22.74626227200461
24.208571454499413
23.873525423516824
23.576302121463584
19.813846364015593
22.928968456407336
19.64922559096251
24.272034023309384
20.11466372636981
25.759861284560973
26.597922263229457
26.662970306905414
24.29870648049742
26.205703937309657
22.090024576399685
23.308038153663844
24.36467393641124
22.764973258624472
22.418339968288983
25.470136379941067
19.989679438777856
24.66489164021673
21.55591189923437
24.061062622797582
23.483699485779372
24.734659725059718
23.672577049859854
23.692711823093635
24.138958002319807
22.04612337521301
22.472325883566874
25.509928942782842
23.21685941208046
20.395337486467426
23.292017114737536
25.047124356093338
23.761445907505298
18.732304442980574
24.386919016168136
22.66669825838811
24.87330040734499
27.342912344133975
23.938103874831363
19.945732316040175
21.685664624193723
20.523992716990424
26.555401041460243
21.944747761207314
20.969470190772945
21.918488591246092
22.26588239175479
18.80456547063498
23.35412677087592
19.69407056964402
24.090542644972736
19.72549502343555
23.854774138637666
24.396135427011547
25.769179684349282
25.093710238704286
20.793869892704027
22.903377349252057
24.213891834620245
23.54164083146238
22.116429108948264
25.421199124673226
23.43045237139777
25.42601558428356
22.87135170718032
24.110011433881525
21.051258798671643
23.45301911618057
21.073015527990876
19.48003243710437
23.76060391124474
26.300541969269368
22.0832877607638
23.397910983408465
23.505252161903517
21.693836085415047
24.094648411224835
21.17693212658331
23.859923357063884
20.26917382679375
22.482373182259472
22.521158256680074
23.365390133830825
22.395308386164192
23.203849794737337
22.854299065411738
21.426942934772676
20.94556595568433
22.710582001479793
21.97205272438749
24.326221873965633
25.702452765814165
22.608085118194715
20.30332592292603
22.893025254906718
23.790841889294878
21.453237492461408
20.952722584902688
22.32659997905558
21.16555497186258
27.926026950632636
21.813910617240087
20.753482788884796
25.6581870152863
24.751105313792216
23.93261563111027
20.698268128874503
23.912299208312138
24.20726990990687
21.4495331704544
23.14761270506026
25.323246786362944
22.89311318388433
21.030838391572562
21.557032455953966
22.814408698251526
22.72460380183741
27.92100337939518
20.460504702087576
21.367109516678024
20.769324436964183
25.49634755599272
26.211181963946373
26.297618699272498
23.221699600679123
20.20555488890297
23.58745780044012
21.048164161215027
23.190321855923344
23.878181981841582
20.83607622863462
23.842318184997833
20.84414801248559
25.027585792149225
25.10136492678045
24.280294025013802
23.06382620337389
22.943372565420294
26.21283728493685
22.494516725654524
26.33960102573876
21.03972608329498
25.778581137068286
23.046988391392354
25.170357217970547
26.55058367607702
23.836622079051708
24.916867278624593
27.62429435372958
24.425673124081833
21.43795175286865
22.68319972615108
23.77499112444818
23.1805402581059
25.29512940662273
22.13184942165248
22.221174011356958
18.75537805739049
22.616696437688578
25.71085687315435
20.920166726329064
23.234001797949247
23.951268047372974
23.565118929521084
22.771306123699116
22.695787470075807
19.888195982144445
23.85483677583541
23.91970770838489
21.32415584009759
21.261437595356774
21.461617119273466
22.238506593522093
22.413407907153974
22.75882007194643
23.719749358155163
25.728445224060476
22.864580331284714
23.34030170954815
24.26502419472164
22.669616011236243
20.9778697869378
22.668943255616522
25.744225212806604
20.527023315166893
24.847419145983885
24.498083076249625
21.382923535398742
23.31849010169717
22.03562513719086
22.744393729282063
26.757622103737226
21.448355786461736
23.419335889094512
25.011671052749993
22.676441883442443
24.509165386096
24.4557311628093
23.41029429296478
22.077274242015335
24.02090946934132
22.993611212666032
21.220611734017787
24.83471628674487
23.180461443828758
22.7387100453912
22.626530091483854
22.966592220013485
26.670421691121664
24.816191535755127
21.128820522167004
21.555857548262033
24.17091136673162
18.584892979032627
24.924746102463992
20.122013106517123
21.77183279297974
21.759257905523295
21.919722648197617
20.443947389570127
21.351345445206714
23.882140292542516
23.832533649741094
21.092721025833324
20.615679716565744
25.20667805162006
20.85983814360227
25.57200674826051
23.09327097089789
19.8545674736458
23.85757115343245
22.49778425664031
24.035820943874576
27.840816613210865
22.476940103225537
23.81991203495278
20.031072879307597
22.071184101504254
21.05913637379333
19.78121585043596
20.31365381460866
25.00640324571881
22.838474013243722
20.944616511058005
22.845291559855184
23.435100988524287
20.41711402524483
24.30636886794938
25.355833299398867
25.244249048569575
25.343266233573097
26.572601142605958
21.767796229984544
24.446864054400923
25.69259630107802
21.942738183297514
24.65430670803646
21.746445659761488
22.63373216054311
21.593873031134283
23.91755099719143
24.09497214939736
23.029242379936274
20.54859503090661
22.586509074794144
23.36150526351082
22.591884511044327
22.165728813701428
21.665343406846198
23.55604527335588
22.64941112891859
20.340876431308892
24.32188408838259
21.657883703831995
22.723217330819047
20.950013203061662
20.58725552753843
25.98266468957215
24.484404417365518
23.31882029730936
22.58186517377632
22.175256294373458
25.847419938581165
22.80312685930927
25.641278795860444
21.690864971796138
22.082006825655874
26.95881832670734
26.441118959036864
24.10278405595067
21.995394642547716
22.705728096004695
24.158482805947045
20.544820667132743
24.52544775899269
20.25251164744591
23.219916417210573
25.05571263189095
26.707069894130136
21.587748282825462
20.99307023179029
22.385567526287662
24.637331034259336
22.79863684382553
26.28837404455831
19.583225066464614
21.823071931693402
23.874107618122384
23.599881205335056
23.807746211324528
22.722536705613766
22.68568492363849
21.77751630706657
22.384424208853993
21.908807670699513
19.494791979009662
24.316528414872902
25.84485562979296
25.59321638767538
21.510480035634508
24.073168458440264
25.70452303012258
25.167663212511783
20.969754155222443
23.90648731733189
20.699606065139697
23.470371399683597
22.47745847602771
23.17883853934879
24.344578411208246
23.668352318541185
21.469003387030583
25.18678263006175
22.09751883769661
23.158300346409092
25.07414989201739
25.2454748042429
22.701636744352122
23.11709906214279
20.441769983623853
21.532090376823536
24.482195953215655
21.115952277260167
24.70804713998198
24.211850967963098
24.82449688027682
24.847028337828238
26.546140637400097
23.618504643536024
23.448261276473595
19.692813110111043
23.488454743424114
27.21174426750781
24.721161919646764
23.005063455110985
20.60773851664061
22.107013335202435
21.957933179899403
23.92710945690122
23.20714058440121
22.949465360412432
24.642853272322203
20.296818595653914
22.144740333942742
23.02335281566968
17.785202791992685
23.496029507608807
22.364494137128943
24.16713328438773
27.067093926171736
20.14070554414473
27.073494967185628
22.111550657932888
24.23695636451964
16.59188527033531
21.134734394752247
21.795116138424667
21.015118247157233
23.62593296918194
23.106127420669647
28.35136734968548
22.85981291031869
21.738653606101927
22.374339605435903
20.254962100691003
24.804455444759284
25.12928323102358
23.534171167243628
24.23049296971346
23.72667117389502
21.97627873917335
23.92759892578211
24.866168882730914
19.78729047335703
19.11012605761465
21.297028544357822
21.172583385194276
25.189388678669832
22.36451057097672
25.279049315825098
23.7481842998647
24.94660383285966
22.28334302937586
22.305397301710865
22.616831043495587
19.350773821221775
24.784179816893573
20.17804466698874
23.250061262057265
18.84447293998877
23.69414893820981
23.205407137963704
24.039985582897586
24.41375802515517
21.778166588659342
22.66154193692753
20.50546395828536
25.0234326060263
21.58805404777973
23.078241023969326
24.189981954268422
25.34949383326331
22.67317200703456
23.68045088802109
27.63874025367434
22.085375542013526
26.22707139622554
21.62678758224613
21.098694882475
27.272055621494253
23.528348177751543
25.439304733333312
25.076412255124264
22.473676736701876
20.08566826659832
28.013480751285556
19.77579332174993
21.200638466065914
19.98816648134999
24.92285570514162
23.7363284672108
23.348114678881366
22.642272911706602
25.91401705964059
23.601559182643516
26.548481114524034
23.041243788933738
22.815202594156574
25.193756974703795
23.004941896569253
23.741002914459077
24.285910347093004
25.47789723638411
24.26407249053205
20.62370431469189
21.906841630165655
20.214487055174438
22.836929918147188
25.99432786142255
24.19823706026561
24.16754878433851
22.169352770894264
20.717447146101556
20.832134860376105
20.445947155097254
21.991104177675318
22.510642670965577
23.16445992935137
19.435405155570137
23.900508075334333
23.542641191501122
19.232377890313956
21.705927443492214
20.871626577838512
26.431463095645377
20.335043617252772
22.266483806277037
21.303099920320317
22.922909818944706
23.87505834150796
23.65777204986877
22.91405566030036
21.213693897661933
23.22447994266338
25.210500294626968
21.418940557827025
25.249010713418176
23.450944615546018
20.643100959773555
21.661637172688472
22.96389661034516
19.63823958949159
25.03638884771129
24.06268580640827
22.607396558014965
22.32958372061224
24.05055160524009
24.420087548484247
23.774510114395515
23.12657032676536
20.48796013652333
21.605889659713142
22.83406746903676
25.196835952513226
24.29166761072599
21.54050017252948
19.546513802966256
23.232477615399404
26.658422908176583
19.85167996482446
21.75322272293237
20.062811546261745
25.225344847552307
23.871179352412295
23.804664664239407
24.485560558927297
18.96314495675078
18.738632642927108
22.2833510077319
22.830102147761156
22.85412212684556
24.26800893796376
23.94068680068845
26.238572309263407
21.964753058615553
26.18792896872086
24.845154385450147
22.660679309508375
24.90135967773117
22.756470056889114
22.76265944977901
22.84176621117745
25.00813721614734
19.6859304223271
23.655388888889615
23.932012873969033
24.01054875994956
24.454290532392882
22.612678219662303
23.664666560372194
25.271466222896535
27.255409386177643
21.392248167174994
22.04750503610367
22.812125355714254
21.962829064998452
22.67462763950868
20.371534823154978
20.55937689827892
28.10427153408081
24.062134902744763
22.854064390747727
22.422680191951752
25.044257239720512
22.8779824161151
24.274402875414307
22.693955681746377
24.07967088727295
21.24576544868594
23.194984580127272
23.40222312612994
22.980281796568903
25.048329902718073
22.07012798945078
21.083403507179295
22.101790095250365
24.208411209988807
24.002261317037885
23.42473388680878
22.703421114654375
25.326282775090604
25.32423212839229
19.962207941097752
25.685480334882957
25.73684389706359
26.058867211419063
21.568708513987186
21.07936669938492
23.155267067201475
20.199301085630086
23.114187329511818
21.142957769592158
21.91291648066942
22.210959105674583
24.636058129762517
22.62135143526631
20.63789989558293
25.13074423367451
22.832664491034947
25.483418747448226
23.838065269549332
24.62361573815464
20.865384519458466
23.7716328619667
22.549507356416395
22.710529954576902
23.17992738634606
23.997378610123814
22.83847764435754
21.10273002658101
25.11021393510595
19.56049953904913
21.82482027997748
25.072591105759674
19.575479531500314
25.422046620277303
22.356336414862742
26.024136994112755
20.55088574361627
23.119057107917993
19.535377205956852
22.681519663917975
21.315341031049417
23.880366316070305
19.8081005719547
20.421700147322163
23.148590444558728
26.338211694307727
23.99813625045282
24.09291775374334
23.602310145222674
22.377534413781767
25.27596690249505
21.419653869711894
22.626606827720124
23.294256941816972
22.55106067801197
21.331594392542993
20.157863277975743
24.914788010108545
23.020267389434185
23.838898608295974
19.797289366825588
24.113592044961322
24.785313120245995
20.594796582815437
22.56494989186699
23.667674841598537
24.397936875288824
24.271386361666192
24.127268439501314
23.813385525602282
22.795766779862575
22.87750208289024
21.877179613942996
22.89331123259861
26.156370785937174
25.044819075675406
24.371318314400884
20.162582259766044
24.91007302517716
20.518310518526494
25.447472007535065
20.049100845475582
24.343039824765288
21.418332218052363
25.637601519551563
20.25129249265968
22.52056702280264
22.903639544187183
21.10007563965096
22.966831972438616
26.751348994824852
23.100138224052507
23.449628874706725
21.759950970704608
23.74263696723661
21.250563837640104
21.904699894997087
20.854920844818693
23.94374121896428
