0.11556509216024208
0.1851038841504495
0.0036850618387913184
0.21736423033390742
-0.07439213493704634
0.16038073607736525
0.2604113051806913
0.17637076621098233
0.08994113964784049
0.19821791238258835
0.24035486192555958
0.3574537266430265
0.22838488938011064
0.29975049697276834
0.15857227090042075
0.1688960127225019
0.19454542560982957
0.23916936222339508
0.24519496008556488
0.04562832636940055
0.26519292247112713
0.17387038962224952
0.20031528555470188
0.22637356145020296
0.0721509738397319
0.15361724987039702
0.13703157255626072
0.102394657779554
0.4189560630554807
0.2588619053123256
-0.016392712985713057
0.3371538908847298
0.30937137503022777
0.06286430744360336
0.2638783327177958
0.24965677100450645
0.18102098554526516
0.199490749871234
0.3337202684982553
0.0848656031401009
0.306959873148502
0.22815479510554582
-0.006500483821897251
0.13561888279088008
0.22348009455521628
0.15176856927231497
0.1483547339345868
0.2061409927916957
-0.012324410746247412
0.09429204709383059
0.2061109295919574
0.22871663183402288
0.30830061268844455
0.047119609822211986
0.18248130499291668
0.13804485388290066
0.24839437106295828
0.1945965097022358
0.1942413003675333
0.13031839488571978
0.08044623195731618
0.14898132188543922
0.07525859709795682
0.20203948420138862
0.1901715608304773
0.3621467744324124
0.12849134034382537
0.31533380335704064
0.32484856053726235
0.04215552035272548
0.12070015946124435
0.16403270642959525
0.2592525387649571
0.3510299434412982
-0.13975091601891512
0.1135137650216358
0.2734837373055255
0.1351728736978257
0.22657301906522145
0.09462971541219209
0.09247714629211129
0.02415069934093751
0.23990297620661863
0.23093467476458232
0.16533288825180398
0.2639412347462181
0.2824989125267696
0.04548432766864987
0.19109563961226353
0.24292069734607838
0.2985142552281006
0.11784539617830565
0.2980498500678916
0.23284209930072225
0.12224367640902693
0.29273103693220165
0.37728013121441883
0.22009071653891923
0.17105823740013912
0.11451581240152499
0.041088425709005394
