24.872501048150486
25.656198898093884
24.68808956241923
26.745144560387395
22.49421998434492
23.735353236914303
24.03153596998396
24.452517562465307
22.350132845575956
20.994640071406554
22.46752715033562
23.631418759746587
25.05613415297228
23.367579637187266
23.43333140185428
22.579209117643487
23.568010331244835
26.241067905135367
24.3600371108208
23.589041759499224
22.305412213660784
23.971466004935625
25.755805184856982
23.136171394609217
21.735759382668263
21.59458176450298
23.467620097033173
25.945937495493133
27.1310184111468
23.109329834357453
24.16659773470855
23.35211921801362
22.26496330618912
22.712131178623455
23.745854022462208
21.049578076626695
24.59805794181758
25.63320243503292
24.30231034227979
24.31501885252892
21.43551395646029
24.39246695359061
24.381052218271563
23.61537675080172
24.983243764778578
23.672880767258842
23.56129153905619
21.68032371556362
25.219333703259316
22.002235087732764
22.8720272371214
23.185359794239513
25.228032913014445
20.372444971712742
22.369157318117402
23.294403318813686
23.08053041591977
24.13139884257851
24.26014465547569
23.667804821555222
24.532426726907172
23.14251576959063
22.282851918284212
22.208048321464076
24.792534181476494
22.63394129852414
23.719404613486233
22.888683007480992
23.29126941216941
22.970636899895624
22.02384152809976
23.95591805361021
21.521065533128898
21.720905633034263
23.488793401556958
21.47139717255092
22.662616383691972
25.27401215192451
22.853378009379988
23.137336513068863
23.831237920099415
24.425166232614643
21.553457846935597
25.257400056845107
24.1862150299393
22.969912387184834
23.35134754046373
23.382554560610302
20.993304126913255
21.90623228184942
23.85895838158216
21.62794945241537
22.532074096849016
24.29925902363166
20.20422866420053
24.488653927662547
22.95765780736753
24.338000430425286
22.204310103620337
21.74173384167765
22.41806288085319
23.8271245504391
21.33620943321443
24.731376265151678
22.724890413403
19.729620934205357
19.31688293704318
24.27741210784527
22.90533246781044
24.169589411223285
22.732554894898268
22.579587280770472
22.259982654314967
22.157675923344016
22.41051823242038
24.663092328789638
24.458268490421535
24.25012264691246
23.145538009359022
24.87918354639349
23.407980471760315
21.54942167321016
21.724616582396195
22.976551247318973
20.909914879939187
26.35662567102129
23.172072902429534
22.188802637494668
24.71413886586135
21.96218800847665
23.156639462235038
21.571896939939208
22.236134595203442
25.124119926396038
23.950247236091784
22.917629270244667
22.429895639132816
22.591461360155947
21.96723344871578
24.45364542915097
23.146239988121785
22.590408997047174
22.895644545145093
22.048860101151938
22.961977701912023
23.790837677573304
22.73436382778472
23.29844255187851
24.182786463044383
22.145959019736537
26.11022072903716
23.95447890967553
22.463760982881354
22.460385827531177
22.823107976377372
23.619766899960563
23.922866527872284
25.367545907802622
24.132078709204713
22.003087783131665
26.10849069420818
25.258503271194922
21.520868777564264
20.03160490995839
20.316758431037567
23.512936326823908
20.60175676057763
20.85551575814733
22.905532367282763
22.286545154210362
21.900020640895082
22.882190334515695
23.541309401768395
21.826096951402207
23.800781527868235
22.66770169635045
22.204146694288763
26.08541272408961
24.53740058753515
23.201305071427296
22.85402738392569
23.212104936031416
22.533168358529544
21.519668168600486
20.057956901421697
21.972604486335513
22.528815929009188
22.203118257809013
24.628060451286355
24.12392859543143
22.07983681452023
24.910043581508123
21.810923040526507
24.821395810401732
23.60523655371201
23.25749897023134
23.267513369805798
25.056185038374654
22.895840822724715
23.98597477621038
25.14140565921621
24.45805551606377
21.102142195263276
21.94320215833378
25.00193917856015
22.827464071795497
23.275751967224178
25.452251546587995
23.954031854886185
21.548265410954745
21.881087068620786
25.748147984689982
23.640432248822478
22.19647840722626
21.189534950877604
22.624089069350145
24.264477575542486
25.63892107137849
22.656159900151263
24.238626437276285
21.884425695555745
22.61286407215663
22.455183635749172
22.469557644161668
21.702887827124574
21.60622324556843
22.510164186430302
22.680613210706422
21.44020866626346
24.132476047345115
23.565736350661677
22.898066264490797
24.463519380093093
23.82229973562502
22.972467649115416
21.71841623585585
22.034574516199356
22.03788685165265
24.12119550949639
22.69320843843565
25.19332419449604
23.80068805559369
21.676946644168993
23.475838762195902
24.665964385704616
22.22699930315503
21.09553456754485
22.74833182372848
23.590327004916876
22.025270900536
22.55086754895593
24.069353606098254
23.159171942967298
21.553947748463482
23.727365673974266
24.99717267322699
24.634902241709607
25.635782905544556
21.446705498856712
22.817551967255135
20.880043604195272
22.959768221881436
24.86760316331832
22.336504326208892
22.790312033892608
21.45325636833121
22.981974952120922
23.129641098042285
24.778845102062522
24.172371235997637
21.384787829935618
23.07638328504187
24.870659935700285
21.89220578637731
23.21459592999308
21.927385216602158
22.43136931611447
22.79959757316539
22.39512999024765
22.71109969829762
25.538359012098528
24.660479193912202
23.131794867190095
24.17414396369491
22.93728382723968
22.61073952321131
23.709874203479057
23.26534380911867
21.185118726657606
25.777774424918267
22.359563400538743
23.18516224391544
24.260735767836714
22.46787121309483
23.640929565749932
24.453038330001874
23.317394026010952
25.727689246535434
23.339260689084313
21.68637916974893
22.57033564873487
21.418639123480943
22.493730521294886
20.684551451767952
23.98423403083066
21.17601496668063
23.40382596909401
25.559370141029696
21.497001468366214
19.828732946851993
20.76543364328285
23.128788046478046
24.79705788409446
21.233634440942158
22.554851050967063
24.062995693716317
26.366416733549187
24.65130204103822
23.388492339322372
19.494652141059152
24.740226769759744
25.630672404719338
23.667468160271522
23.39035365272188
22.550840835975205
21.020345327914452
22.651277763085247
24.615211671004502
23.35919194621112
22.908341444395155
23.76298931688199
20.84288476855544
23.439717867447786
20.66280802588205
25.52557686158364
24.700906955382223
24.50687535760154
24.43485607422178
25.575458077355865
21.951976518088514
24.62839859706853
24.367971255469644
20.965185130438268
23.634946681568703
22.823093491010074
21.98525510648575
23.80169531973992
21.27063292673324
22.767028710146803
22.209953255426687
22.262636706626893
22.608858785624186
24.961376899965085
23.446293676060417
21.211493109964124
22.663853097857718
23.660817327872202
23.350281045936526
20.529725780170146
24.390102506635596
24.593720028319055
21.738231532022052
18.122332256201055
24.81885698938871
23.824949358889715
23.528687343566208
25.1005857314787
23.45772347276466
21.504228312347305
23.409170737573998
21.673948113000584
26.20972908191474
23.819369749128203
22.736948510257935
23.23108678629088
22.245737909922223
22.060736361624055
22.223660930287895
23.088064377323313
24.271549406295055
20.661242870006568
25.205550709766896
24.554542302308437
23.210640204173917
23.69923000946595
21.426813520507498
24.49364480293999
24.531144454207706
23.303006038247812
23.29607934386079
22.994162222304613
21.500996441217797
25.181056269414775
24.501095652086654
24.992170542677243
23.13898928584714
23.066591225140034
22.344624102924566
20.835183281470147
23.56988881437755
25.204200819033744
22.365104024480157
23.44711248141979
22.33926078915319
22.08746079995772
23.027647554716594
22.93798676551352
23.526005798076213
21.696441263525333
21.83844000589
22.208746163663655
23.52861870040458
22.186152572349226
23.34169635943943
22.698917190970405
22.354124865807695
22.167677396978068
23.594037001318238
23.264313951001846
24.23355864492937
25.391748796267
22.04637669389257
22.25531542558365
21.23030845792874
24.08770386370063
22.65641148694418
21.917917189696688
22.943952104726634
24.10263424232661
25.7979916960808
21.688168788652217
23.310875715247366
23.24451020907763
24.61453259883043
21.961428881525368
23.277983252765107
22.882369566506455
23.918271036710973
21.299750216960373
21.468889384200804
23.702056273197215
21.59972690414196
21.649649267643795
21.76124938234937
23.862619952409243
22.562066074744767
24.927044613179852
21.63450668027095
21.155242350295207
23.23083695650012
25.351847531726634
25.647756214616642
24.146133972392946
23.254569558653134
21.061260702564006
23.049258096315796
21.94668595631947
23.78427800997029
21.276065997292964
21.985489752908663
23.036291122501677
22.241981474111846
23.71818253127978
25.17229023650833
23.750522336200387
25.061408313979975
21.881495060835913
25.07121657842451
23.461232516755324
23.606734966893654
23.300564142806333
25.55272270413291
22.70741015099238
24.3313312508427
26.38838775368843
22.380397470354396
24.496797970198543
24.878705039230304
23.144099629649457
22.509427280165113
22.291020878685245
23.988483224544254
23.323640467837002
24.6357315807675
23.546195315032623
21.365428859086474
20.544965013912883
24.03053496692413
23.383110399904748
21.26210937383599
23.26310666156826
23.873395808780582
23.66986601022518
24.44364993365915
22.16531986991482
21.237628580242106
24.730008971680736
22.606913905856757
24.187261769531062
20.578746152836132
23.245080645396797
22.768363623208188
21.275045723146764
23.74217387722344
23.79133980439479
24.726826826112536
23.28472458581178
23.799813065131904
23.108211191004216
21.41154161390722
20.708964388878677
23.73782201606765
23.347268874312547
20.482506777170016
22.376387383828906
22.151096220955125
22.15854637451953
23.41778625736031
21.66477837830492
23.76677988991229
25.297863943419525
23.09131312740547
24.887721279661807
22.715455212764354
21.35360886807883
23.020722250703365
24.30036097138042
23.900293526468495
22.493031196672103
24.329962864992083
22.56084802584586
23.68763700963976
24.257500775877812
22.144838560382873
23.287737764267575
21.574595587689547
23.41881571021208
24.34133070548219
23.351073863054346
23.285356814800853
22.652452680296793
22.979017249482173
21.920717774384414
23.41993355072406
22.977891569452744
21.464249001778406
23.275800495291154
22.6248528676531
22.7230246380899
22.641866855048082
23.221766752815864
24.51646253816916
22.438626057197492
21.148603856142326
25.299204136927525
21.57917645291824
25.45241139282083
22.439698922428246
21.891202316995358
24.62168853682419
20.920203811304948
22.978127884014494
26.74632048743261
21.51563054227476
22.716649507501035
21.1780167855156
22.40723815631359
20.43969622785564
21.818299678539237
21.371822660157797
23.4689952638062
22.819066799725086
22.494842249904007
23.49994516283113
21.682826333310583
22.12391958756425
23.532446437251284
23.199971358261706
24.026207154279053
23.94604096152694
27.19905838028463
22.02165800788834
25.89789157900124
23.987162736482013
23.633290606013208
24.045420299466368
22.75016508665927
22.64275035964617
21.847384330076338
22.622579295285103
22.865686812265544
22.892339636493407
22.89536460143678
23.84274950902605
24.870365572655782
20.635521954580224
23.923279193976207
22.172894685263785
25.962274387224024
23.610617012018068
22.40809388840039
25.422148625085182
21.597828639758607
21.0956204668458
22.761405403027492
23.405977560781164
23.863918390707866
22.041832408224263
23.405142977918086
21.980689160732112
23.893054454963856
24.72959932080878
22.57143524078195
24.921229552403034
23.118491722718556
23.783469481574606
26.097903163597127
25.417311012038937
23.111658856156613
23.53557452292864
22.950661605461505
24.41832832565711
22.30319467645379
22.40507373212009
22.01627182559557
24.22962650576079
24.105981556643293
26.75102017163747
22.57518918663699
21.753006439670013
24.925192373849566
23.781189905958065
20.947953342844848
23.961559733021303
21.811475400933787
22.939399588633442
23.983192874627214
24.577633186199744
23.77654835207398
23.972107790887698
21.00722724619732
23.6415408355202
22.257360211905407
22.450521558974174
22.705170266772257
22.50668934538657
26.17684495528453
22.20392030620518
24.067951654038165
25.33965146272178
24.131694718164386
25.049450737903143
22.60696581330548
20.767560914574737
21.77443927347967
23.719250943428904
22.783756852236223
23.873816332131263
23.700112493517302
22.974022362223085
23.171527626481527
24.017860180328036
22.84646584337218
23.503989081014126
24.0895258072526
23.81705867652288
24.488552768005377
24.584733774449777
22.587661487426857
23.46015490068721
22.73396873035516
22.49269126957059
23.9290903765213
23.03597114027163
24.813871145374716
23.841833374657366
26.488441907902576
22.73031638979236
22.765341634149316
21.71034187199635
24.36882315533231
25.72160244951425
24.407971962623886
23.194949467586852
22.71080184213234
21.176276996329978
22.129165749578174
23.71484985225519
22.470189106069295
22.234284906628808
23.330056235671446
21.918515974324304
20.707500161277384
23.949092032045154
20.396889039638413
22.328688063791223
20.053627501916008
23.879713082043427
25.602208613586633
20.75779076490199
24.67919836649777
23.042111300065418
24.572410622644647
21.638470008707277
21.586105501147923
21.096151772455148
21.875265374064057
22.332289843753486
22.511962698444922
26.146857745802045
21.734757139409336
23.625412137829287
23.15570004785026
21.775199359917575
23.101509786939555
25.366116537181437
23.146115764580212
23.262931992947554
24.290054974251206
22.805469053930857
22.736525477760836
24.406839174995277
21.164356402331777
20.062595166153688
21.33250504356264
23.376944501242132
23.775999692674223
22.466105870521467
24.533120461059987
24.4018708146687
25.1300742317907
23.349707922600153
23.119983627113502
21.927758531603033
20.62083683555149
24.040541512422248
21.51507488589823
23.149784628728703
20.505767553030534
22.771227314018983
23.190189753755988
25.153615911852338
24.294184124348618
21.949943316516865
21.62720713249111
21.52384743778016
25.785899847544556
21.84438926741717
24.63995049924778
23.197756703684796
23.930587688763282
21.729219722962174
23.565331975124764
24.452432800434906
22.27222565344118
26.532957137005052
21.637883516768913
21.981653125502078
24.203357912196235
23.198741738116514
23.51180417467812
25.104218951361222
23.349345607559812
21.306478637218657
25.368962149277213
22.479912894029805
22.82457045863342
22.80829499449596
23.90075798699824
24.88232690199406
23.459477646838113
23.23439993854915
24.270937688947928
24.11698919273524
24.32842399475785
24.44675231431465
22.055999268991965
23.489711258007006
24.91466310782406
23.894191875102234
25.589568806192382
25.7687013736302
24.562391410014968
21.903272858831773
21.520670989662136
21.09934086543982
24.483330771305592
25.24482007342646
23.0543472688374
22.268068071381823
21.658287195976968
23.035056066629657
22.94544101305925
22.2373765142889
23.131046946430573
21.095042922420483
22.85449871353885
21.28235730585499
22.144463458010716
24.31702183270091
20.085900448512707
21.99270355095746
20.941423428998736
24.292715416153264
21.203324961215863
23.741777114418458
21.40931741050986
22.34913046026206
24.30398265482503
23.620216022143964
24.801959597551484
20.849817289620027
23.478179235812373
26.598575571411267
23.730821450545392
24.954154937575815
23.49747060380701
22.054355564726073
22.776578544656225
23.187700804179038
21.0029774022571
25.432922091145137
23.969678702238685
25.031480946021237
22.439779560138014
23.06349633014753
23.306197899917947
23.954657482485732
23.077115423271664
21.364317390527646
23.612863009143716
22.85018485574551
23.667066155148824
24.71289172895006
21.250869916829455
22.326956943473196
22.629820678764432
26.888933247774265
20.50732562002542
23.545132107356224
21.180555580480636
25.105899555101576
22.320037893618856
22.591042570626218
23.217045739749445
21.273963029421463
20.232364037876177
20.423478691582893
23.369520852114153
23.202558601112923
23.760015995678724
23.923491127378146
24.160628994447688
23.478441957791873
22.46951859588274
24.00883337392988
22.38129078823141
24.514505176503693
24.08711273288897
22.37805658010095
24.22308588825601
24.25631264653096
20.41324354808238
23.435338585577114
22.359892218732533
23.587456048283975
24.055406213319
21.974021436017864
24.190884815693952
25.000856975768045
26.190726472263876
20.901419619593735
23.727946687406096
20.764013878065153
22.159869221851636
20.957329227876116
22.055684448971366
21.834336883889378
24.180661942809298
24.582030563212804
22.764080439465083
22.84616374262449
24.405404867315806
23.2307917772512
23.521500203330593
24.38408385587746
22.437376425288413
22.71777908890509
23.978903054010928
23.918482760090665
23.42040090825228
24.75875459147205
22.456330069797197
22.814653108195962
22.144830519905543
22.86414573879633
23.54911163118885
22.108763620883348
23.937977055088957
24.165390668178155
23.94761552716994
21.410961802887034
23.020611358038387
26.033198860678937
23.978418095455417
20.10143895310108
21.380064487785322
23.678155419246217
22.369162680684603
22.708631589776775
21.573065268505633
21.72089919601032
22.098896221042455
22.906767324510792
22.504066181906857
21.786200850383974
26.708091017505264
21.75286631330559
23.780831445728982
23.796238448982546
23.35253964250173
22.166662730549888
23.529139630007613
21.501018276218108
22.488164117876394
22.667635529243057
23.281398572654954
24.636636417648706
22.59319945421314
25.45858863050206
19.91066661624695
24.13772887181325
24.08274032727424
22.643347430237643
24.90834085671834
22.434179629804213
23.75141146827475
21.67789753251541
23.671630908902088
19.959700306581105
23.009832452581563
22.45342335539314
24.597739419807812
22.131427670279002
21.81007815228356
22.237930945055194
25.22247655096231
23.02806978757588
24.629722318614785
20.707836252488757
23.201443641991403
23.763406572796175
21.639882149126024
22.268920465389723
24.809070551410613
23.056517117738576
21.918190046018342
22.53547944090656
22.14100350774128
22.267309343408286
23.19819710835417
22.49503966293416
24.96956992207606
24.705802410589943
23.057989328192082
22.020717350404055
22.68173313058505
26.142315730238778
22.922764687345108
24.328059497347176
23.295984694081
22.46296326900838
21.236519727216137
23.88159649397386
23.16244719274927
24.81552582745653
23.26673612373694
23.37409043222929
20.940587520274914
25.10297132496239
22.080527836335662
24.549536529569394
22.485639738511182
23.850215980658447
21.65353943525816
23.445072841047313
23.373180679452002
23.525564235863023
24.091747764290876
21.671266409307016
22.73772377249637
26.191284088918955
23.34012283631848
23.126015120852507
21.27963013279387
23.125613388074324
21.826733014749067
21.646601635333866
20.645480159164176
23.03054799467643
