1.8607822510776493
4.208284990681123
0.7092555855475198
4.169410152731985
-0.7035680893872047
2.368655331987071
-0.6461721369221186
2.091509201531648
-0.4202423461945215
-3.315981268297509
-2.227985121524944
1.2853982412351876
4.656360966644783
0.4231226664058603
0.7860889121016679
-1.5777117021237705
-0.18808798000618593
5.0572680198240105
3.084865345825707
0.6690104070213232
-1.885385712299809
1.234626163809306
4.046333945349216
0.8370615620286277
-2.0010810344926715
-2.3868138235554555
0.718298092285401
3.760695908971276
5.988970872963652
0.2322925011201336
2.220273788885873
0.6527744726556864
-1.43341452245892
-0.3280107306971471
0.8514026733561225
-2.354407266881235
1.9946349960284497
2.8895287540121513
0.2976394478354723
2.355856528593543
-2.670354844471357
1.6185829024959608
1.7589165153421087
-0.7561524743642027
2.8931570382689067
1.5216974845335614
1.306998225945025
-2.8035805521290875
3.2578705418213807
-1.2603640748251075
0.8827034519261768
-0.8433772076360375
2.7347239220955033
-4.736448618171332
-2.69398437263571
-1.7597193744740267
-1.5535060829999776
2.5105720153475373
1.1843164280590759
-0.4515230708183278
1.7770402798408051
0.09432062694214692
-0.7095756182553541
0.31125597508611413
2.726836447953032
-0.6580857462887129
-0.5463968324679694
-1.1032592165152137
0.44227644370277286
-2.1650060313138577
-0.3256220752957132
0.6942017746707094
-3.1745468174770237
-4.037406780346287
1.1095847457245849
-3.0043254939200588
-0.3983561349785639
3.765697751088825
0.06632419387605762
-0.2930951724295223
-0.30694633421197576
2.1314210950377612
-3.674321045340456
4.5890853837902
-0.07768908654736978
0.09729230104702903
0.3429923736413262
0.5933407238786844
-1.8457159980206566
-1.6025224209805848
1.5516932370490297
-1.5983276251744605
-0.21684892037104345
2.152186409657833
-2.731881016188052
0.7799601311631806
-0.364505252840327
1.9103440556268692
-4.332142759689925
-1.5168629622205785
0.5884967217308993
2.5195850826191077
-3.8021885333336387
3.0738436449347333
-1.8674604462495878
-6.37281364335172
-6.813356830039036
2.4611915260930033
-1.4590293237326777
0.13582837975451206
-0.384289929868767
-1.25581511620527
-1.966058258947199
-0.28954170766256454
-1.4200589526436047
1.064550887339986
1.688046334492171
3.2638257452413812
1.2395434022242477
3.4186097888895493
-0.3174697559795974
-3.8492082390648705
-1.92357994852625
-0.6589012645795911
-1.998933243253318
2.8402549098306333
0.3700097685543555
-0.5667156782197049
1.9021564097484842
-1.508595973834132
-0.9262441505929518
-3.804040828746869
-1.092311332251161
1.7034773876817477
2.5888083666881916
-1.141711060527202
-0.09800790766148582
-1.9660086168089732
-1.1430702990149468
-0.45849033771793735
-0.7815191046096569
-1.2502857385860149
1.4114949611537286
-3.4704192080504517
-0.9884849221751324
0.40004838734989917
1.7175755233646792
-0.22287155605427134
1.566646008852205
-1.7362930118529822
3.6736602564089575
1.3130215759649326
-0.4253901750026242
-2.2721846642685386
1.1326209898949553
1.0037128978457281
0.3586202676329711
2.8039355974187696
1.3341098147976935
-2.1419810279824625
5.522550814637543
2.769940864550268
-3.661250757964672
-3.8013687228277493
-3.4068983487885536
1.6459877965501075
-2.732051874392153
-3.917751271901002
-0.1187174108852511
-0.1393352356215158
-2.5431755937254
-0.10146858124668579
2.8980685802604857
-1.4858095102913034
1.7388235190413042
0.33877251452536894
0.09052035033975378
5.015014643066301
1.7773228078103243
-1.2372819240213881
-0.6572204801511292
-1.5684472203423665
0.2611902968015198
-2.579806487169051
-4.5567179315939335
0.08509110230369198
-0.33600096193756057
-1.41980665506525
3.6720008393949275
0.7331728447081777
-3.8945529138845787
2.2005204949098642
-0.42103570429839365
4.395756474734447
0.8965262604498919
-0.12305368621993917
0.4822679079891343
2.8714826859734077
-0.9118938556740839
1.2033490984784734
2.1695742047922386
3.082315031058683
-2.8835163980890735
0.045615830421350353
2.5967096697146985
0.862755067802899
0.7523069960571879
2.8295717860295446
-0.09615380743912035
-2.0485494389838306
-1.7186228572121962
3.716110873075345
-0.22956174143716745
-1.6586221320610277
-1.6486764069348672
-0.1869182691293229
2.5287508352778887
3.6833769508861183
0.637045041013826
2.180575236513948
-1.7706111058438065
-1.2782388626412218
-2.065151179504094
-1.2669550425006928
-1.080047059528737
0.2329467039694231
-0.31490942113202425
-0.4205603307097229
-0.7337824129148155
1.8464273224537298
0.8608646279289847
-2.167080726428708
3.3184005259316702
1.7348643938236554
-0.6922450133026947
-2.686421664073266
-1.6680438636647732
-1.7111884565970987
0.08436011218487724
-0.7302571385669797
1.2365717448983828
-0.12598967989339194
-2.7836986163603417
-0.7764308483647898
1.3203404803585188
-0.7510428472603077
-1.2844605956539326
-0.27645344663445964
0.14557261543009986
-1.2349661215807048
-0.6639212226045809
0.23371388669648172
-0.9916498935258945
-1.6772439214729824
0.9433566501381943
2.8955746564015645
0.964895900646885
1.6229724965641736
-3.3725555776049725
-0.39945878537752844
-2.0589613272210463
-1.3266084317323634
2.7754384812514017
-1.8283327632275073
1.0106631007248428
-4.04617194570985
-0.3708478051048053
-0.7370458112108309
2.148135024927752
2.745358991051427
-1.4297253464161475
-1.6050045756571774
3.388378741276222
-2.3812259878541053
-0.2603688525417656
0.04515887431680378
0.40857233840608265
-0.48060058820147056
-0.6064352573175832
-0.10746593101129218
4.007172597038348
2.88604266283919
-1.6572508038931977
2.339434969253263
0.09842651427150441
-1.6405108944479252
0.9107560038440898
-0.2869562452864699
-1.7546014155803709
3.5893389744941806
-0.9045798915567381
0.49972833138788364
4.493514564935432
-1.4667918474088848
0.7944086688322571
1.5735922927535209
-0.8642311670931929
4.028543678496463
1.341517314785581
-1.870406789969036
-1.4659428894297868
-2.4276402098676826
-0.8918371665491879
-3.867997208718185
1.5190000617915533
-2.3080095271241268
0.7402317182469444
3.9019884010902977
-0.7963010002882279
-5.481563158926424
-3.712017729180362
0.3817486383454944
3.8455678488145577
-2.693970613845942
-2.0007471276077897
2.9102898388029503
4.286923036226358
1.4622239800048276
-0.5153252485589287
-4.210875922713065
4.1630676279319685
3.069557301297116
3.215175094994603
-0.09401438410973584
-0.7655077524387105
-2.509969107297985
-2.2206840956130334
2.1583688323545966
-1.9506516910479048
-1.5212349326320707
1.6739326650331343
-3.3173247807832906
0.0744113850665025
-4.0497631369307365
3.491252122947873
2.600662472359229
3.34296049418861
1.024771831445262
3.0354290344565884
-0.852992683269763
1.1504442542250193
2.7718192935114283
-2.4449218051557473
0.4106056519331642
0.13043517099344443
-2.15045254983732
0.9418845681013065
-3.690674839874729
0.7399594028327294
-2.0536452101583196
-1.5318384123716269
-0.5599543442965352
3.0463737445252255
0.348743486246522
-3.649000427954977
-0.2117108480699056
-0.7566851096224615
-1.3439829043694107
-3.5065975459006657
1.402561172456482
2.3132655860430176
-2.3421924699706174
-6.89815002277062
3.283330148147506
0.06102649587911472
0.7456228615331911
2.2195425988115693
1.4561280135951993
-0.9100986118741494
-0.7125337418204059
-1.7421866518630402
5.57963354769015
-0.9713498418720967
-0.23539930597610206
-1.151683292253203
-2.9409781058609914
-3.1781199020303834
-0.11601637625676135
0.009897277928131176
1.793700886590844
-3.6756837857372875
3.183478628133552
3.1494804721042846
-1.098101920917139
0.2391366690803968
-1.3301273970315886
0.9102884249067541
2.2232391586272224
-1.4332809431605094
1.4128115820954872
-0.15277661307225934
-1.4308563181835938
1.815793423110644
3.908827411690614
3.095820145674418
0.39376838974981726
-0.19113118418540248
-2.0367824827649392
-4.029975252155641
-0.3971823115399008
1.495272546354813
-2.4552990307808824
1.3973514487081096
-0.29136501314521923
-3.8569796087675057
-0.4116441196529836
-0.3987272035734024
0.03743564677857027
-3.032914498649736
-0.05618555776484585
-1.5281965202827759
-0.10081199649711296
-1.1568059337734502
0.5906318921668525
-0.24645933087376554
-1.6437307433012531
-0.21192504545988394
1.1093842817865625
-0.6606772000635963
1.694566795265102
3.5382250341555856
-0.3763714212481807
-0.25377348079850653
-3.89726376294507
1.521310978191482
-2.014946464362001
-1.555617876089975
-0.27172886757317977
1.2702825921039071
3.581062118691814
-0.25919965825898433
1.5991969214273103
1.890568006860248
0.14423751538680593
-2.219437255013047
1.9507643566552317
0.2984095495600411
1.4412596242924678
-2.2029276905114172
-1.8878381491144112
1.2792620845857834
-0.10947397500688597
-3.7569310058512335
-1.6558391332378444
2.9991132379121033
0.005827193703040814
4.175344149208093
-3.00508471172329
-4.15362530109633
-0.06261074520058404
4.122293690308683
4.540689440179686
2.1971584708609817
-0.2846567297394243
-2.961215721121622
-1.2888986281256105
-1.6412782648976325
-0.26120293103164954
-1.1827349592447625
-1.6797054393507853
-0.6676940307364017
-1.1379664293279008
0.3169053449085079
1.7606367773444742
1.6637901357625622
2.7935970039833635
0.2354118471527699
3.641185961313784
0.6152015907464624
1.0521309987570717
2.455939875386953
4.7627119835767875
-1.0169627402787518
2.932638690377906
5.226301257592037
0.26404573323094527
-0.13283474822714295
3.190926014673259
1.6689754603306737
0.5277943805933816
-0.06336206089587272
1.7150438899374003
-1.507887762081899
2.165395461478944
0.841327355129965
-3.1060874401251914
-4.3625241470822305
1.4707017921223233
1.1811810209603464
-3.089239101276121
0.003849785882968658
-0.20119552773866967
2.363757474201422
1.3406759516494244
-1.272156143992237
-0.38886964847470895
1.3728789744837
-0.5872647498352132
2.193205301064312
-3.081169432293108
1.0473519117682866
0.40240782266396
-4.02365878954312
0.7227465360239125
0.7087206598526894
1.7295861970721849
-0.7642652141753518
0.6745600381744221
1.2674734730546544
-0.9730405518857221
-3.6780652566427228
1.615721506512521
0.03484508026359684
-4.307517898403981
-1.5244241758938561
-1.0879053302436055
-1.2833847925755828
0.5087549119937589
-1.506825092811229
1.230499397525934
3.622247615207189
-1.9126638802766074
1.2861399484465281
0.5778077323868747
-3.6965989060301334
-0.8818816976232834
0.7308871067320173
0.7621135804393695
0.054237715488783526
1.4814235939479943
-0.013705207474518154
1.0952680797919248
1.5507588112234931
0.27251853847019764
0.30824820045748225
-4.590671508068661
0.055236357309865446
3.114654288891932
0.6043394699741416
-0.4201211528068364
-0.912969706484881
0.2954022175211421
-2.1278104274731566
-0.8861869135034399
-1.9685055821135153
-2.593167413985138
-0.964941593673798
-0.704291845484458
-2.21055502910923
-1.25396537846084
0.7608853212269362
2.083851066604669
-1.3836826636650184
-3.176427253049352
3.3457875702943918
-2.671768699002208
3.3096151708360613
-0.15494920578893562
-1.0259339634410483
1.3791213923725376
-1.9297504844020703
-0.563196740999533
4.669728011394728
-0.6280332193272035
-0.6973857684820197
-3.2894272503551143
-1.7952472622807256
-1.7766556249566337
-1.4906954842532332
-3.0061821639732433
1.0719382758865306
-1.0572631912091275
-0.9878028562655341
0.42783536498941305
-2.4085765457512056
-1.2840179293818905
0.680910604932498
-1.7860149386356594
2.180019776755167
0.27304347712379295
6.878231860594412
0.022143420115268098
5.3132209542885205
1.7954238975470194
0.0044045407747814146
1.6509659155618188
-0.7320007604047442
-0.4461631656516053
-2.6533657167238127
-0.020800143250702854
-1.134737196119285
-1.7317292306947898
-1.5357621404775854
1.3453371656340496
2.3628106622786462
-2.73236525911234
0.7442239808686174
-2.671119922705623
4.27326992890343
-0.5477347475191501
-1.3974044893770212
3.4548216643346703
-1.1210342678272978
-1.0320982127231535
-0.5047137072103266
-0.4280565095869276
0.09144329507414471
-1.9711425463288135
0.4730794681870989
-1.1720864140970269
-0.3358603116293449
-1.0570088618918312
-0.642835567056577
2.6633800064735116
-0.25325903854363396
0.7934761085265136
4.30388523828485
2.9373829737536536
0.701032321047344
-0.11124648577099266
-0.5012093321852336
4.2750914767455965
-0.7621453053603922
-1.2563735473861792
-2.4303811852877097
1.4981035725250371
0.6143374633549997
2.4913492605408645
-0.557920261509766
-1.2034140522679038
1.5628923403824897
1.7164120836203927
-2.7262770233929823
1.9106985724746461
-1.951262881564997
-0.44975214462078794
1.1787313345574126
2.029675731625711
3.880111085275967
1.2499976637724126
-2.1228992415300922
-0.7143033523481734
-1.340065112757164
-0.26380010740247306
-0.6265710743935472
-2.287266502583005
3.807187641846692
-1.2841668275072726
0.38590911508809284
2.1505395965453564
1.1946941835784792
4.120663810658662
-1.6686497073867033
-2.8241119266552808
-1.343886487011826
1.500514214541935
0.6406970125600857
0.1332605848646901
0.17977638183488173
-0.28094091263777643
-0.6129569931886318
1.387713212242864
0.2916127582826352
0.35817950677766397
1.9900872496004374
0.04001014170682436
2.4407661856217957
2.2280335784381786
-2.1424383000240153
0.6308023928677985
-0.04823122375837302
-1.9896918158519592
-0.6914788908970538
1.0760020002947541
2.2714032731535814
-0.42115699976154836
3.863933162390287
-0.3646493622251591
-1.0723258274678256
-3.6372886541241742
3.061824441580269
3.377495596926745
2.705855180028247
1.7208647024764268
0.09950019744872425
-1.1297058404295914
-2.386139797434878
1.6243689550202374
-1.2207268929300994
-1.7158014210113484
0.6809865426071097
-1.1885103639580015
-2.716275132372548
0.8878831307575865
-3.0373236551353195
-0.9172789598006121
-2.5906659382880175
-0.9739605561660573
3.9372725758660736
-3.3272264427516536
2.7384088859248474
-0.8444972511494381
3.104160860116293
-2.6964546428938307
-1.7991263165965623
-2.99278786232259
-2.107125602474761
-1.9407848943379775
-1.4083745416742552
5.450883558196545
-2.0703459370924677
0.12622611231081518
-0.027370553279377832
-2.1866926623330114
-0.13877805769876406
4.375029150795413
0.10697985409227642
0.30227188770104774
0.18450681577094796
1.1215070658384307
-2.0996078766507997
1.2414311126089843
-2.6649350765658726
-4.504282532277276
-1.7325970167485611
-1.100012772929638
0.18960687716438895
-0.5446054066939009
2.2083287402246174
1.5714569311256255
2.136238088301498
-2.81682055963891
0.8642099518326486
-0.5084109716531877
-5.343827400314299
1.4534986321068097
-3.8628901303429437
-0.2853467049537616
-3.7593837751244235
-0.4280601391492524
0.22205540708752158
3.46582286043497
-0.03491690216874943
-0.9797959700903326
-2.8838693980804657
-1.3325469734406155
4.03688105463337
-1.3003742512261784
0.5577499770344958
-0.439963348774174
0.5878898740014004
-2.209036199608007
1.720120759844909
2.0137464429210485
-1.0313516932613669
4.960717018568203
-3.147591394494691
-3.811252685904519
1.5141586485994032
-0.352324400222251
3.207168947198127
2.3393645014130047
1.3672039325740868
-2.74802240551652
4.158443553749008
-2.5536889939519196
1.2635066835389281
0.0533526982561678
1.8614378044553541
1.930931788302404
0.11978177139183212
-0.5730620634833495
1.8744011938015308
1.136225544153458
1.7226176906276618
1.1793448178510517
-1.4659231527782473
-0.8460597346738935
1.7406184375931333
1.1062894842301674
2.311035553916748
3.6248791554013216
1.176632923590862
-0.783361851045439
-2.6548727439274966
-2.068652203467029
1.4276141955017214
3.0971191607828983
0.7429768416535832
-3.603058099389374
-2.80839752739009
0.273948106233689
1.0093084323451054
-1.4508942962316767
-0.660604912158129
-2.7404763094476063
-0.8679644677392286
-3.2763784400900997
-0.4231073360645777
1.321939373952091
-5.207770100603583
-2.5653800517340875
-1.0193593113346235
4.940966759634424
-2.1069497231313377
-0.1853671851089325
0.2810532982576839
0.17629742132734585
3.408849854653
-1.1878351847092274
5.225737729015104
-3.8336355494869316
1.7157293397978433
4.955208866671001
-0.09237879731376715
3.003940344638112
2.245834090960335
-0.047961956105889596
-2.3239524309622315
0.5807393323587234
-2.4891928914890977
0.7337623756713337
0.8066826450070639
2.851498138222938
-2.222721192122766
-1.130409508386635
1.0293088279390796
2.064268419388021
-0.4704303126067001
-2.633587545090728
-0.332684119679003
-0.33452856715645907
1.4279595389822084
3.982943471115573
-1.1867545771226315
-0.7487381892652979
-0.40555131525357846
4.057136187619544
-2.021138458906258
0.06472701455982922
-4.351316475614535
2.992669886237388
-2.752043421320238
-0.1132088032399635
2.4307051270043587
-3.636358179839096
-4.124580002648876
-3.644496336318372
-0.7598330032115903
-2.376782709893562
0.9513552330217013
2.6050917740943698
1.7328592957747004
0.7212713858786224
-0.7378832627591683
0.405560468930062
-1.0250149710963268
1.057427840677642
0.568634872189376
-0.8184460345398934
1.7671275802890771
1.1493048433465796
-2.8740459317022875
1.0988197551883228
0.5707894448000248
0.43052893992669317
1.316033279911684
0.8915195853508959
2.06894395751207
2.285410191558009
5.132290284065906
-3.7954230247451743
2.0929069422077227
-3.7894282891725264
-1.75663251511204
-2.165978638864454
-1.1397524962668923
-0.938912362710478
0.12862931787190318
2.061972322171572
-0.44434505921770084
-0.5184937967766988
1.652230815566822
0.6383144548975818
0.7947524550233666
0.09125539885164055
-0.5852848720075233
0.9066883390429518
1.0415221409554873
-0.2086726194305651
0.43816827392874785
2.705527643675111
-0.9993715248556381
0.4778654543693403
-2.282919961091952
-2.9147286726921204
0.36773034662511594
-3.0976447560220874
0.9898779731692606
1.7702662591572143
1.0362397160847974
-2.948671763859872
-0.776965154000653
3.0738319502322002
2.429827042610138
-3.2617158293573065
-2.504364919847145
2.3483605415412345
0.15180774709884395
0.04570218998857242
-2.093717058209324
-2.5182371545063567
-1.5234868885013215
1.4573036134341373
-0.1415748535937021
-2.876299448539388
3.2093086445889085
-1.169768615784353
0.5845132179731476
0.4023000069990486
-0.8175591511813731
-0.8648330654120611
-1.5560593566400982
-3.6233814489313847
-1.4654043635911855
-0.35776471487106426
1.0171072000350465
1.4714829666488694
-0.08902333161356499
2.0557768023890377
-5.31313899508085
1.7165746052831166
0.6264047606982526
-2.3156437591801464
2.88692943939469
-1.3622287083164264
-1.4029959520556081
-2.7199030619042937
0.9029180427018801
-5.016084724044431
-0.17476883807988294
-1.36179116890549
1.0164755699661607
-3.310916614063192
-1.1478560080927576
-0.651363009843247
2.2440776420448767
1.405800365760792
1.1399367259553772
-3.5157766872890432
-0.07108212325431332
1.8686331442759319
-1.7254023867036952
-1.674180609470407
3.1711396939497574
-0.35565717321355733
0.6395109796607239
-1.6143430256156275
0.5061734573484024
-1.628766794809891
1.144705652589874
-1.1072004187746392
3.3174061184092416
3.8690252122166364
-0.11838306987597745
-2.9583313148476673
-1.4505865116892853
3.638364797494586
-0.7066483236435197
1.0113700706287112
-0.45639033601500323
-1.0721766236756918
-3.7620167785967147
-2.0293468420011176
0.4258128515352696
1.7577551497636748
1.6942459498597269
-1.168859434322336
-3.516250009723253
3.205811773161919
-2.218812046537898
2.5142024219564694
-1.5565102441451346
0.9505745729835131
-0.9602316856639272
-0.5195367442387029
-0.380058975976392
-0.08772786987099065
1.190196260130171
-1.532461002965715
-0.33709392932395554
5.490818722149091
-0.24604975029704185
3.2223231749649583
-3.2425511137075556
1.2167446611551425
-0.3814932140717635
-2.013826767600545
-3.886334177896012
0.8109241351865661
