-0.08622460055190828
0.05340575483966847
0.658030453876433
0.4173192314304388
-0.017724813161569042
0.30069864450690886
1.0287115199275791
0.48383362869182234
0.2668569736152189
0.045734560935070334
0.3194474181702436
1.147769586552979
0.2936621262064705
0.41491543408171694
0.8518048249931889
-0.05950308953349204
0.47235561829666395
0.4619810621411222
0.0049742690519503086
0.02053979871145195
0.4131047271292507
0.9850802490061632
0.1557346700032709
0.8618601958916168
0.4197433127895833
-0.06893699292329103
0.33317495783452866
0.2776663707969152
-0.04184790860966181
-0.23599503588031467
0.15020296512706022
0.3774502707804448
0.8025645490066919
0.16053288245681596
0.2744667033513444
0.6346107056966079
0.7413525865471051
0.5607977583369279
0.9405872343068773
-0.04325419692246335
0.8080361513143788
0.9396772223878891
0.12225161116298322
-0.19933624391882931
0.09398731822998863
0.1141299301297023
0.3547961904171846
0.7858287600673268
0.389004331846861
0.11804525897188611
0.6761883660617527
0.7037737723165649
0.05526257965055059
-0.24919095218412224
0.8733979260375282
-0.01381723116597744
0.8313841640017827
0.9056923555247298
0.3998064808281635
0.2523530829844245
0.6969239712959681
-0.009497569062660638
0.17676598729034532
0.4582248464897195
0.027438988941719256
1.1671816519008882
0.0417635173939761
1.0199388120845425
0.5601502406961643
-0.2976122365205415
0.317776103045486
0.5578157764492353
1.1376088028219025
0.5519028345236343
0.40998069782409297
0.9198723822647494
1.3407683474255037
0.5329782531871317
0.6364827723549382
0.22140582816365206
0.2146953062335002
-0.00609269063709128
0.8289866284096945
0.4689153153835566
-0.25571564899798327
0.197298901286175
1.3863979661940569
0.8721945337324462
0.6578225690624981
0.549834643802487
1.116985665491782
0.9426746274393656
0.7903013816353948
0.3005584790591236
0.5328897285114316
0.2287368880859315
0.8670287622219832
0.9859192416017866
0.08132527871241768
0.30834367856289724
0.7012148819923425
